0.66  2457959.6666666665  1.1602234987411892e-14  6.60603930025498e-14  6.504963487730484e-14 
1.66  2457959.7083333335  1.1173413724640757e-14  6.571129450103902e-14  6.192327258113677e-14 
2.67  2457959.75  1.0833911501236108e-14  6.516687696709925e-14  5.95119263414869e-14 
3.67  2457959.7916666665  1.0554059627564884e-14  6.409747122867026e-14  5.763014933410253e-14 
4.67  2457959.8333333335  1.0242520001489312e-14  6.184986288282445e-14  5.586915250872322e-14 
5.68  2457959.875  9.945136189054646e-15  5.88004631579845e-14  5.440133527147284e-14 
6.68  2457959.9166666665  9.659648693091764e-15  5.5296705565910236e-14  5.284023131508956e-14 
7.68  2457959.9583333335  9.420419942917226e-15  5.2100819365402685e-14  5.0891719632716584e-14 
8.68  2457960.0  9.223074092332421e-15  4.966114373394126e-14  4.8410395997283444e-14 
9.69  2457960.0416666665  9.092650962456393e-15  4.810491083751595e-14  4.5865968435058245e-14 
10.69  2457960.0833333335  9.09864041540989e-15  4.754973555706355e-14  4.446450067357882e-14 
11.69  2457960.125  9.313730315287415e-15  4.817347816807425e-14  4.516308541224556e-14 
12.69  2457960.1666666665  9.75942776557871e-15  4.97668257183296e-14  4.773835561019385e-14 
13.7  2457960.2083333335  1.0581242900753649e-14  5.3133305343188e-14  5.232102006430916e-14 
14.7  2457960.25  1.1693147914602691e-14  5.908962289910068e-14  5.841667239297898e-14 
15.7  2457960.2916666665  1.2821131484836537e-14  6.722328679786879e-14  6.483881402810767e-14 
16.71  2457960.3333333335  1.3747677150836013e-14  7.461031301095263e-14  7.110554646855249e-14 
17.71  2457960.375  1.4315133055052783e-14  7.801299985838087e-14  7.705816504821255e-14 
18.71  2457960.4166666665  1.4499773124921026e-14  7.694464187188362e-14  8.197837021681839e-14 
19.71  2457960.4583333335  1.4423005381487607e-14  7.421044429061558e-14  8.526103345745377e-14 
20.65  2457959.5  1.4045917170753644e-14  7.125939600564071e-14  8.475893509258629e-14 
21.65  2457959.5416666665  1.347866573060449e-14  6.89428983884588e-14  8.082088369470719e-14 
22.66  2457959.5833333335  1.2801177211617902e-14  6.736176054225153e-14  7.487129873996194e-14 
23.66  2457959.625  1.214813770238783e-14  6.65139616059102e-14  6.929938249440931e-14 
