0.66  2457959.6666666665  1.1855880568864051e-14  1.0998563710571178e-13  1.0848104810038458e-13 
1.66  2457959.7083333335  1.141707079351123e-14  1.0926426900337909e-13  1.0349430126742759e-13 
2.67  2457959.75  1.1068871580293762e-14  1.0825399092019858e-13  9.961042563909893e-14 
3.67  2457959.7916666665  1.0781777381492979e-14  1.064447294096529e-13  9.652474869993862e-14 
4.67  2457959.8333333335  1.0462850973575569e-14  1.027261277880201e-13  9.351583290550976e-14 
5.68  2457959.875  1.0159099620698428e-14  9.765606291700806e-14  9.085199950882072e-14 
6.68  2457959.9166666665  9.867373225758542e-15  9.17194964478563e-14  8.789893749916642e-14 
7.68  2457959.9583333335  9.623100138277385e-15  8.61474480274744e-14  8.424868706340947e-14 
8.68  2457960.0  9.421912280502068e-15  8.175736407847249e-14  7.980235917817042e-14 
9.69  2457960.0416666665  9.289326320461075e-15  7.886536893766618e-14  7.541190677196392e-14 
10.69  2457960.0833333335  9.296018440651995e-15  7.776429209684302e-14  7.303339779593389e-14 
11.69  2457960.125  9.515848821739802e-15  7.877600464801938e-14  7.416451556645828e-14 
12.69  2457960.1666666665  9.970336771302482e-15  8.145316864275757e-14  7.833748890673002e-14 
13.7  2457960.2083333335  1.080774932968694e-14  8.705359670500749e-14  8.579581199852918e-14 
14.7  2457960.25  1.1940849028342222e-14  9.680801865662982e-14  9.580042362085243e-14 
15.7  2457960.2916666665  1.3089855459931661e-14  1.1005911837627501e-13  1.0650726962249967e-13 
16.71  2457960.3333333335  1.4034118993355596e-14  1.2237613276221654e-13  1.171133696998246e-13 
17.71  2457960.375  1.4613082458579802e-14  1.286419994081505e-13  1.2719354158783292e-13 
18.71  2457960.4166666665  1.480264875318887e-14  1.276953411413966e-13  1.3535361544196942e-13 
19.71  2457960.4583333335  1.4726611713068372e-14  1.2372357054740053e-13  1.4060019447103395e-13 
20.65  2457959.5  1.4344309214645126e-14  1.1903161036993176e-13  1.3968158946748912e-13 
21.65  2457959.5416666665  1.3767623058237063e-14  1.151961304055381e-13  1.3339958219675825e-13 
22.66  2457959.5833333335  1.3078442914862339e-14  1.1246070900176163e-13  1.2400911097074645e-13 
23.66  2457959.625  1.2413256908837476e-14  1.108977407192303e-13  1.1521996436269373e-13 
