0.66  2457959.6666666665  1.3419430211403883e-14  1.5905676584898369e-12  1.5777820806214562e-12 
1.66  2457959.7083333335  1.2919368783704344e-14  1.5711605512459295e-12  1.5182585669307687e-12 
2.67  2457959.75  1.2517491397862858e-14  1.5503181087545128e-12  1.4701663592951999e-12 
3.67  2457959.7916666665  1.2185657717931913e-14  1.5220474900577298e-12  1.4288909273710669e-12 
4.67  2457959.8333333335  1.182127116203212e-14  1.4692549059893273e-12  1.3814212337234571e-12 
5.68  2457959.875  1.1478584257195653e-14  1.397077284799009e-12  1.3310225755939401e-12 
6.68  2457959.9166666665  1.1148754310662697e-14  1.3076669783678268e-12  1.269726242363006e-12 
7.68  2457959.9583333335  1.0873706495503493e-14  1.2164287041673003e-12  1.196922337900156e-12 
8.68  2457960.0  1.0649151930852926e-14  1.1379516339986502e-12  1.1183178393810022e-12 
9.69  2457960.0416666665  1.0503565249814449e-14  1.081706764763354e-12  1.0486782529190549e-12 
10.69  2457960.0833333335  1.051487412105506e-14  1.0570303247024195e-12  1.0128839994849085e-12 
11.69  2457960.125  1.076388743586672e-14  1.070412042152321e-12  1.0278663221551088e-12 
12.69  2457960.1666666665  1.127175117831475e-14  1.1107771676407815e-12  1.0822100145883298e-12 
13.7  2457960.2083333335  1.2203369913491126e-14  1.1921945289222392e-12  1.181022454896626e-12 
14.7  2457960.25  1.3464576179410378e-14  1.3257279427467584e-12  1.3183846371106862e-12 
15.7  2457960.2916666665  1.474057752714952e-14  1.5027145388226117e-12  1.4738370854585726e-12 
16.71  2457960.3333333335  1.5792184222946852e-14  1.6795536317346066e-12  1.6341065090354988e-12 
17.71  2457960.375  1.6441143533066812e-14  1.797929575656605e-12  1.7844964051433447e-12 
18.71  2457960.4166666665  1.6661276296581928e-14  1.8280976685843267e-12  1.897237958205381e-12 
19.71  2457960.4583333335  1.6590718678450745e-14  1.8056865684287336e-12  1.960986582786892e-12 
20.65  2457959.5  1.61774225269393e-14  1.7530712651235051e-12  1.9444189350723934e-12 
21.65  2457959.5416666665  1.5544565104081845e-14  1.6984897747328266e-12  1.868271463692192e-12 
22.66  2457959.5833333335  1.478523204776512e-14  1.6500543521960788e-12  1.7588898605084937e-12 
23.66  2457959.625  1.4046688601562215e-14  1.6152221464357879e-12  1.6570500904168858e-12 
