0.66  2457959.6666666665  1.1922543605048804e-14  1.2754875355329872e-13  1.2585415629608565e-13 
1.66  2457959.7083333335  1.1481111169272811e-14  1.2666777356369122e-13  1.201361388168978e-13 
2.67  2457959.75  1.1130625622265834e-14  1.2546419921783735e-13  1.1567225249176258e-13 
3.67  2457959.7916666665  1.0841627166982604e-14  1.2335622416693899e-13  1.1210940097421307e-13 
4.67  2457959.8333333335  1.0520759906749266e-14  1.1905055298571753e-13  1.0859874015705418e-13 
5.68  2457959.875  1.0215337451552797e-14  1.1317591452926796e-13  1.0544694227286867e-13 
6.68  2457959.9166666665  9.92197410860229e-15  1.0626816217183408e-13  1.0192283730935927e-13 
7.68  2457959.9583333335  9.676377787607588e-15  9.974247873853641e-14  9.757845705699677e-14 
8.68  2457960.0  9.474182733070913e-15  9.456437995593459e-14  9.233874900824216e-14 
9.69  2457960.0416666665  9.341030980738626e-15  9.11287508352745e-14  8.720873520182498e-14 
10.69  2457960.0833333335  9.347910056413797e-15  8.980295826218671e-14  8.444030616534869e-14 
11.69  2457960.125  9.568986068455972e-15  9.096897641817336e-14  8.574357045326628e-14 
12.69  2457960.1666666665  1.0025777824418349e-14  9.40819141010036e-14  9.055026300802131e-14 
13.7  2457960.2083333335  1.0867274166356328e-14  1.0057764309581799e-13  9.915095995153886e-14 
14.7  2457960.25  1.2005923792990645e-14  1.1184667643718842e-13  1.1071393097003098e-13 
15.7  2457960.2916666665  1.3160434684507064e-14  1.2713339222181732e-13  1.2313608286931947e-13 
16.71  2457960.3333333335  1.4109339787478307e-14  1.4141833109710754e-13  1.3548077554600735e-13 
17.71  2457960.375  1.4691320151701405e-14  1.4884784388687641e-13  1.4720792027660963e-13 
18.71  2457960.4166666665  1.488218283616488e-14  1.4798633877223076e-13  1.5665038413565048e-13 
19.71  2457960.4583333335  1.48063456917898e-14  1.4355342148022279e-13  1.6266644129310174e-13 
20.65  2457959.5  1.442268208898778e-14  1.3818089926004242e-13  1.615766996949116e-13 
21.65  2457959.5416666665  1.3843532313484844e-14  1.3373649851177343e-13  1.5436922070582653e-13 
22.66  2457959.5833333335  1.3151294832150215e-14  1.305256623637719e-13  1.4362502821641285e-13 
23.66  2457959.625  1.2482928686697826e-14  1.2865927026657432e-13  1.3357141798788773e-13 
