0.66  2457959.6666666665  1.3121636682563633e-14  4.186007594289178e-12  4.1498039629052985e-12 
1.66  2457959.7083333335  1.2632763125525647e-14  4.137476939484666e-12  3.989214405608566e-12 
2.67  2457959.75  1.2241112746953913e-14  4.084477615793459e-12  3.860189802961877e-12 
3.67  2457959.7916666665  1.1917447450015922e-14  4.010603667795723e-12  3.7503904972723e-12 
4.67  2457959.8333333335  1.1561730703160561e-14  3.8715158723196695e-12  3.626729976920243e-12 
5.68  2457959.875  1.1226433301001571e-14  3.6813586371106395e-12  3.4977961352714245e-12 
6.68  2457959.9166666665  1.0903812335962201e-14  3.4472624846951988e-12  3.34223656427332e-12 
7.68  2457959.9583333335  1.063457067113046e-14  3.210401706451817e-12  3.156698374387085e-12 
8.68  2457960.0  1.0414398054873297e-14  3.0083403631522843e-12  2.9540589690516407e-12 
9.69  2457960.0416666665  1.0271608149039605e-14  2.864733830049516e-12  2.7727142942251774e-12 
10.69  2457960.0833333335  1.0281996042331157e-14  2.802391978590366e-12  2.6789226454770547e-12 
11.69  2457960.125  1.0525820091660406e-14  2.8381230515566313e-12  2.7188646749834962e-12 
12.69  2457960.1666666665  1.102364353550738e-14  2.943960625401253e-12  2.863696006179748e-12 
13.7  2457960.2083333335  1.1937224275573104e-14  3.1580894613322355e-12  3.1264112855997946e-12 
14.7  2457960.25  1.3174396614918726e-14  3.5118829315263236e-12  3.4903578440067025e-12 
15.7  2457960.2916666665  1.442618778753269e-14  3.982054471965912e-12  3.89955872702301e-12 
16.71  2457960.3333333335  1.5457617637345796e-14  4.4482780378909775e-12  4.3197245689800036e-12 
17.71  2457960.375  1.6093377186514914e-14  4.752029111746741e-12  4.7143604828758936e-12 
18.71  2457960.4166666665  1.630766373797201e-14  4.818125589519312e-12  5.0123156705930876e-12 
19.71  2457960.4583333335  1.6235917614566135e-14  4.747764696232762e-12  5.182861994603198e-12 
20.65  2457959.5  1.5828715304015597e-14  4.6040374873795665e-12  5.139624931906531e-12 
21.65  2457959.5416666665  1.5206283276087874e-14  4.459743519370705e-12  4.934554560740152e-12 
22.66  2457959.5833333335  1.4460044043065612e-14  4.3349449681750226e-12  4.638920813179033e-12 
23.66  2457959.625  1.3735697274119033e-14  4.247287572294663e-12  4.363723882970536e-12 
