0.66  2457959.6666666665  1.5890424269651516e-14  5.4546850824897173e-14  5.414537706082416e-14 
1.66  2457959.7083333335  1.5310976954472837e-14  5.389973819616989e-14  5.215542840263834e-14 
2.67  2457959.75  1.4828717083216368e-14  5.3185486735770507e-14  5.0525238404833104e-14 
3.67  2457959.7916666665  1.4425925369267257e-14  5.222440945008365e-14  4.91072456288714e-14 
4.67  2457959.8333333335  1.3989353933584056e-14  5.039414772572103e-14  4.74184075084307e-14 
5.68  2457959.875  1.3585666503180089e-14  4.7845099649550226e-14  4.5560657110649025e-14 
6.68  2457959.9166666665  1.3196246466712218e-14  4.4599905900288264e-14  4.3241566167711806e-14 
7.68  2457959.9583333335  1.2873147182159967e-14  4.121706376126863e-14  4.048744388327077e-14 
8.68  2457960.0  1.2612276797736696e-14  3.8276373369303837e-14  3.757349048389935e-14 
9.69  2457960.0416666665  1.2446971866373999e-14  3.61608835653302e-14  3.5046552690278165e-14 
10.69  2457960.0833333335  1.2466498235955978e-14  3.521190254263792e-14  3.375447966383361e-14 
11.69  2457960.125  1.2762025492159569e-14  3.5639102579211954e-14  3.4251494208916175e-14 
12.69  2457960.1666666665  1.33469584807261e-14  3.6976073577902514e-14  3.6063110773932686e-14 
13.7  2457960.2083333335  1.4378826161131022e-14  3.9676133495189753e-14  3.933572129403732e-14 
14.7  2457960.25  1.575011896072245e-14  4.402060641599255e-14  4.384158020551655e-14 
15.7  2457960.2916666665  1.7139941686755774e-14  4.969568565250174e-14  4.8958529424366664e-14 
16.71  2457960.3333333335  1.8296245341916625e-14  5.547616715408869e-14  5.4340663859864375e-14 
17.71  2457960.375  1.9016207648799316e-14  5.965116984025805e-14  5.950633125062466e-14 
18.71  2457960.4166666665  1.9291761470253927e-14  6.11854745883437e-14  6.351063940322262e-14 
19.71  2457960.4583333335  1.9236338617731348e-14  6.091160528380909e-14  6.585129874849903e-14 
20.65  2457959.5  1.881737890094665e-14  5.949307242756594e-14  6.556390430988808e-14 
21.65  2457959.5416666665  1.816684981493775e-14  5.791086243866687e-14  6.336872635106913e-14 
22.66  2457959.5833333335  1.7378029604190605e-14  5.643988848153782e-14  6.00076716413846e-14 
23.66  2457959.625  1.6590188851876824e-14  5.535146609912983e-14  5.6759785250525364e-14 
