0.66  2457959.6666666665  1.39737434872342e-14  4.4536010933467873e-13  4.4212420602860735e-13 
1.66  2457959.7083333335  1.3452094551909074e-14  4.395688641264359e-13  4.259721034320643e-13 
2.67  2457959.75  1.303116898193354e-14  4.3348319274197825e-13  4.128363734432052e-13 
3.67  2457959.7916666665  1.268344567088323e-14  4.254772561840025e-13  4.014142158273589e-13 
4.67  2457959.8333333335  1.2302976804159439e-14  4.1070038369291423e-13  3.8792836308874556e-13 
5.68  2457959.875  1.1946615235377576e-14  3.9048568460523623e-13  3.7327370957184955e-13 
6.68  2457959.9166666665  1.160341773759944e-14  3.6522005015773983e-13  3.5526053832836524e-13 
7.68  2457959.9583333335  1.1317584309444526e-14  3.3914829756298743e-13  3.339751298620945e-13 
8.68  2457960.0  1.1084863962305247e-14  3.164936559837142e-13  3.113282372891601e-13 
9.69  2457960.0416666665  1.093479389768252e-14  3.0011455690963027e-13  2.915447765680226e-13 
10.69  2457960.0833333335  1.09478462643781e-14  2.9282606024544717e-13  2.8144593402856026e-13 
11.69  2457960.125  1.1207186156982453e-14  2.965116996112328e-13  2.855864726947382e-13 
12.69  2457960.1666666665  1.1733665555772359e-14  3.078460050955438e-13  3.005442551592892e-13 
13.7  2457960.2083333335  1.2697947294590016e-14  3.3061073993118233e-13  3.278010775996988e-13 
14.7  2457960.25  1.4003614060118334e-14  3.676298060199151e-13  3.658728770766479e-13 
15.7  2457960.2916666665  1.5323654854723098e-14  4.1651282763938094e-13  4.0930470327962024e-13 
16.71  2457960.3333333335  1.6412609028611297e-14  4.658861960251479e-13  4.543848291706703e-13 
17.71  2457960.375  1.708602579592085e-14  5.001285876046993e-13  4.967091671056811e-13 
18.71  2457960.4166666665  1.7317062579502312e-14  5.104922265397778e-13  5.282296152061301e-13 
19.71  2457960.4583333335  1.7248810080149494e-14  5.058900914779101e-13  5.458366492834999e-13 
20.65  2457959.5  1.6824950814779318e-14  4.919862358584973e-13  5.412617817338758e-13 
21.65  2457959.5416666665  1.6172921372240505e-14  4.768644560770953e-13  5.206398604843038e-13 
22.66  2457959.5833333335  1.538943455972844e-14  4.629909037152986e-13  4.91105157687252e-13 
23.66  2457959.625  1.4625454529292887e-14  4.5274273500503633e-13  4.636002754841551e-13 
