0.66  2457959.6666666665  1.2591509933292558e-14  8.704334968246702e-13  8.615660632601772e-13 
1.66  2457959.7083333335  1.2123814960652821e-14  8.617790741414022e-13  8.26258166862076e-13 
2.67  2457959.75  1.175037341948612e-14  8.517191787847555e-13  7.981613384908348e-13 
3.67  2457959.7916666665  1.1442248111465977e-14  8.367221276204043e-13  7.748190985088169e-13 
4.67  2457959.8333333335  1.1101916837894488e-14  8.076743215813211e-13  7.497124242456916e-13 
5.68  2457959.875  1.0779779662619388e-14  7.679613535093008e-13  7.247365689158921e-13 
6.68  2457959.9166666665  1.0470051461180748e-14  7.198025044324063e-13  6.952466801830987e-13 
7.68  2457959.9583333335  1.0211232564576678e-14  6.721213409057923e-13  6.596930994764587e-13 
8.68  2457960.0  9.998986230790315e-15  6.323326533412538e-13  6.19677165567231e-13 
9.69  2457960.0416666665  9.860215200491565e-15  6.04599555417412e-13  5.828249649258156e-13 
10.69  2457960.0833333335  9.869020808719503e-15  5.929524767943303e-13  5.635117135454788e-13 
11.69  2457960.125  1.0102590361846419e-14  6.005397004755019e-13  5.719862878256979e-13 
12.69  2457960.1666666665  1.0582357797937906e-14  6.22293426855741e-13  6.030122282607842e-13 
13.7  2457960.2083333335  1.146449278967345e-14  6.667740790490106e-13  6.59050635361475e-13 
14.7  2457960.25  1.265838690625806e-14  7.414669776884249e-13  7.358599223799438e-13 
15.7  2457960.2916666665  1.3867677410046229e-14  8.414854218165651e-13  8.209340906782822e-13 
16.71  2457960.3333333335  1.4862829995999716e-14  9.387338178451504e-13  9.073582952483734e-13 
17.71  2457960.375  1.5474919399507303e-14  9.978376426471669e-13  9.88850842335931e-13 
18.71  2457960.4166666665  1.567882737139428e-14  1.004887703873427e-12  1.0516567349610042e-12 
19.71  2457960.4583333335  1.560516876419359e-14  9.846992567022659e-13  1.08886951777086e-12 
20.65  2457959.5  1.5208049941652796e-14  9.52268982196031e-13  1.0802253744124714e-12 
21.65  2457959.5416666665  1.4604529044988947e-14  9.220914157575325e-13  1.0353116900878044e-12 
22.66  2457959.5833333335  1.3881950092303069e-14  8.975900032449778e-13  9.698656856734238e-13 
23.66  2457959.625  1.3181939070934163e-14  8.813285862219995e-13  9.088107322446817e-13 
