0.66  2457959.6666666665  1.1663780173071945e-14  7.22900453441222e-14  7.121346395399515e-14 
1.66  2457959.7083333335  1.1232533862937692e-14  7.188693843804138e-14  6.782701514249885e-14 
2.67  2457959.75  1.0890921714677467e-14  7.127517243474493e-14  6.520858053841188e-14 
3.67  2457959.7916666665  1.060931301434685e-14  7.010089042569267e-14  6.315627396195646e-14 
4.67  2457959.8333333335  1.029598074162897e-14  6.764511952277133e-14  6.121624093204639e-14 
5.68  2457959.875  9.99705055167211e-15  6.430790608090654e-14  5.957371633933871e-14 
6.68  2457959.9166666665  9.710047695675355e-15  6.045407882922096e-14  5.780653690764003e-14 
7.68  2457959.9583333335  9.469593567635631e-15  5.69122003651186e-14  5.560554416743241e-14 
8.68  2457960.0  9.271314045610661e-15  5.4185697549484925e-14  5.283565820840036e-14 
9.69  2457960.0416666665  9.14036464211532e-15  5.243154415158411e-14  5.002358923789046e-14 
10.69  2457960.0833333335  9.14652331534159e-15  5.1794341314575326e-14  4.8481348913606e-14 
11.69  2457960.125  9.362763599626564e-15  5.247236773415123e-14  4.924031684919638e-14 
12.69  2457960.1666666665  9.810597651819247e-15  5.421941453546846e-14  5.2039615497016214e-14 
13.7  2457960.2083333335  1.0636206089103364e-14  5.790163941945082e-14  5.702615760041054e-14 
14.7  2457960.25  1.1753265311484304e-14  6.439156040177448e-14  6.367211334242535e-14 
15.7  2457960.2916666665  1.2886361559114473e-14  7.324335606884779e-14  7.070156570962791e-14 
16.71  2457960.3333333335  1.381721476580991e-14  8.133160080669131e-14  7.758933949117566e-14 
17.71  2457960.375  1.4387467106737346e-14  8.515713549811326e-14  8.413581096257266e-14 
18.71  2457960.4166666665  1.4573301539358035e-14  8.412513453528898e-14  8.951982496924472e-14 
19.71  2457960.4583333335  1.449670669142308e-14  8.12255071043886e-14  9.307887844096912e-14 
20.65  2457959.5  1.4118348040222465e-14  7.803043119953213e-14  9.251646090361116e-14 
21.65  2457959.5416666665  1.3548798352177332e-14  7.550017415420543e-14  8.825244594183844e-14 
22.66  2457959.5833333335  1.2868464275949636e-14  7.375692868352671e-14  8.182678158766924e-14 
23.66  2457959.625  1.2212470664487367e-14  7.280877897397579e-14  7.580945536107991e-14 
