0.66  2457959.6666666665  1.6298518116231535e-14  4.303897283587323e-14  4.2712610264342845e-14 
1.66  2457959.7083333335  1.5731684639919217e-14  4.263767118933851e-14  4.118776007861744e-14 
2.67  2457959.75  1.5240115545812048e-14  4.2080372390611676e-14  3.9868753215459195e-14 
3.67  2457959.7916666665  1.4824785808689407e-14  4.131701390709811e-14  3.873805087175944e-14 
4.67  2457959.8333333335  1.4397157427299265e-14  3.9907605605696566e-14  3.7456658284942915e-14 
5.68  2457959.875  1.3994078914871681e-14  3.787346307590011e-14  3.602407833955317e-14 
6.68  2457959.9166666665  1.3614316503937529e-14  3.532721540026102e-14  3.426563084965969e-14 
7.68  2457959.9583333335  1.3308909604996889e-14  3.273495015390327e-14  3.2178979587098056e-14 
8.68  2457960.0  1.3070145395835485e-14  3.055152538950465e-14  2.997528310046257e-14 
9.69  2457960.0416666665  1.2929732165550137e-14  2.905722907455484e-14  2.8085681053738554e-14 
10.69  2457960.0833333335  1.2958634902937862e-14  2.838935479780998e-14  2.7112395312830947e-14 
11.69  2457960.125  1.3224831126855334e-14  2.856113328527097e-14  2.7390420912820347e-14 
12.69  2457960.1666666665  1.384962048690699e-14  2.9674364470530884e-14  2.896220184999305e-14 
13.7  2457960.2083333335  1.4901992232015872e-14  3.1784362095315156e-14  3.157046130417022e-14 
14.7  2457960.25  1.6275090731049917e-14  3.510044615352233e-14  3.4995201309699864e-14 
15.7  2457960.2916666665  1.7631989854589444e-14  3.940270254084166e-14  3.878616601007237e-14 
16.71  2457960.3333333335  1.876745996343709e-14  4.381807774258054e-14  4.285466235997655e-14 
17.71  2457960.375  1.9467764003254168e-14  4.697299487703208e-14  4.6843031837999836e-14 
18.71  2457960.4166666665  1.9730870922752067e-14  4.809632239740314e-14  4.999215241632663e-14 
19.71  2457960.4583333335  1.9658678760935087e-14  4.782647806664271e-14  5.185530201001542e-14 
20.65  2457959.5  1.9257598814574948e-14  4.6793818719685127e-14  5.1780913327930255e-14 
21.65  2457959.5416666665  1.8589302503656123e-14  4.5529266842511445e-14  5.0023376496738034e-14 
22.66  2457959.5833333335  1.78040891824097e-14  4.444971566678754e-14  4.740349747136246e-14 
23.66  2457959.625  1.7006612141632272e-14  4.3636157603642816e-14  4.4810152306711876e-14 
