0.66  2457959.6666666665  1.6482055084021186e-14  3.7574577791532216e-14  3.727708674240848e-14 
1.66  2457959.7083333335  1.5886585665832902e-14  3.717230858523396e-14  3.586961169998602e-14 
2.67  2457959.75  1.5385863409635158e-14  3.6707542678349466e-14  3.471884214101649e-14 
3.67  2457959.7916666665  1.4966070957712653e-14  3.6059782232745914e-14  3.3726676836902683e-14 
4.67  2457959.8333333335  1.4512178543839874e-14  3.4792849814340974e-14  3.256091170373332e-14 
5.68  2457959.875  1.4093992001239733e-14  3.3010397616994494e-14  3.129003414110016e-14 
6.68  2457959.9166666665  1.3690419915038544e-14  3.073138113774555e-14  2.970120715359537e-14 
7.68  2457959.9583333335  1.3355917086437363e-14  2.8359507209504962e-14  2.7801933792960468e-14 
8.68  2457960.0  1.3086447272168815e-14  2.6310240748532617e-14  2.577888771613053e-14 
9.69  2457960.0416666665  1.2916552543749851e-14  2.4847706875101002e-14  2.401549132785852e-14 
10.69  2457960.0833333335  1.2938189128405604e-14  2.4193751933011202e-14  2.310941841972118e-14 
11.69  2457960.125  1.324492007216577e-14  2.4481314023893827e-14  2.345126278166786e-14 
12.69  2457960.1666666665  1.3847060026631395e-14  2.5380494038270064e-14  2.470639507313438e-14 
13.7  2457960.2083333335  1.4895450770656426e-14  2.7210632524815634e-14  2.6961995231737152e-14 
14.7  2457960.25  1.6280454637000695e-14  3.0164214165980846e-14  3.004144388968989e-14 
15.7  2457960.2916666665  1.7685446177929604e-14  3.4023154627808934e-14  3.351734160700195e-14 
16.71  2457960.3333333335  1.8857745660075923e-14  3.795081617913442e-14  3.718592416499132e-14 
17.71  2457960.375  1.9588990853254135e-14  4.078347114344243e-14  4.074908197108806e-14 
18.71  2457960.4166666665  1.9878921208354925e-14  4.182571116628274e-14  4.357431340177478e-14 
19.71  2457960.4583333335  1.9827703387013364e-14  4.163371696268003e-14  4.527207365628396e-14 
20.65  2457959.5  1.94131604499122e-14  4.0689129465911475e-14  4.5152575578105625e-14 
21.65  2457959.5416666665  1.876804532036791e-14  3.966515171854074e-14  4.3693436162436597e-14 
22.66  2457959.5833333335  1.7983246808260783e-14  3.873659823772571e-14  4.138546860248599e-14 
23.66  2457959.625  1.7193140045228677e-14  3.806752429743062e-14  3.9120130061441287e-14 
