0.66  2457959.6666666665  1.2759721149105453e-14  1.794722111963646e-12  1.7774439483906525e-12 
1.66  2457959.7083333335  1.2285438125292791e-14  1.7758301662542273e-12  1.7060945740771464e-12 
2.67  2457959.75  1.1906221110666607e-14  1.7543699376892916e-12  1.6491051111671362e-12 
3.67  2457959.7916666665  1.159328181447381e-14  1.7231987044326408e-12  1.601376295318747e-12 
4.67  2457959.8333333335  1.1248060015160682e-14  1.663409777992564e-12  1.549163865941491e-12 
5.68  2457959.875  1.092173550528476e-14  1.5816684020080742e-12  1.4963138554006482e-12 
6.68  2457959.9166666665  1.0607909778568092e-14  1.4820047762564192e-12  1.4334029343748038e-12 
7.68  2457959.9583333335  1.0345781717483384e-14  1.3825396729943523e-12  1.3578576558332269e-12 
8.68  2457960.0  1.0131023337818319e-14  1.2988530114923906e-12  1.2737786425239094e-12 
9.69  2457960.0416666665  9.990855497557555e-15  1.2400695922922674e-12  1.1971394375548154e-12 
10.69  2457960.0833333335  1.000015942254251e-14  1.215077324857054e-12  1.1571806672884582e-12 
11.69  2457960.125  1.0236868496353714e-14  1.2305853604553384e-12  1.1745066455180415e-12 
12.69  2457960.1666666665  1.0722373743404376e-14  1.2756351086392282e-12  1.2378016298215091e-12 
13.7  2457960.2083333335  1.1614632912939388e-14  1.367412595653297e-12  1.3523235895428882e-12 
14.7  2457960.25  1.2822294727150405e-14  1.520590927638455e-12  1.5098723427317211e-12 
15.7  2457960.2916666665  1.4045233259256846e-14  1.7251741561964457e-12  1.6853499691581567e-12 
16.71  2457960.3333333335  1.5051923639710122e-14  1.9254909605169155e-12  1.864276836374687e-12 
17.71  2457960.375  1.567153822128515e-14  2.0504054284128274e-12  2.0327314094740505e-12 
18.71  2457960.4166666665  1.5878735995970692e-14  2.0699036416809593e-12  2.161556270071181e-12 
19.71  2457960.4583333335  1.5805672529411023e-14  2.032345598161816e-12  2.236906100073958e-12 
20.65  2457959.5  1.5405226035782935e-14  1.9672888436200766e-12  2.2187423739852966e-12 
21.65  2457959.5416666665  1.4795673468364548e-14  1.9051635174153854e-12  2.127804413882865e-12 
22.66  2457959.5833333335  1.4065558226355974e-14  1.8535616825323085e-12  1.9958305967084298e-12 
23.66  2457959.625  1.3357663774354907e-14  1.8185532672106442e-12  1.872788410247128e-12 
