0.66  2457959.6666666665  1.448127863729581e-14  2.1093687375691654e-13  2.0948211772417603e-13 
1.66  2457959.7083333335  1.3939921932249175e-14  2.0812581807994796e-13  2.019464102825418e-13 
2.67  2457959.75  1.3501552853773193e-14  2.0519200105991192e-13  1.957944953933989e-13 
3.67  2457959.7916666665  1.3139273524977557e-14  2.013829443522181e-13  1.9040924189897208e-13 
4.67  2457959.8333333335  1.2744097823796551e-14  1.9437553180878001e-13  1.839612063344231e-13 
5.68  2457959.875  1.2375274487530438e-14  1.8477376186210118e-13  1.7686786564156597e-13 
6.68  2457959.9166666665  1.2019900313117158e-14  1.7269969365583718e-13  1.6809282720788852e-13 
7.68  2457959.9583333335  1.172424588309071e-14  1.601616745825071e-13  1.5774617561008326e-13 
8.68  2457960.0  1.148409826614159e-14  1.4921403946974366e-13  1.4682153137114806e-13 
9.69  2457960.0416666665  1.1329975990579333e-14  1.4127041166948847e-13  1.373496975259562e-13 
10.69  2457960.0833333335  1.1344668626404226e-14  1.377099554092629e-13  1.3252995513814265e-13 
11.69  2457960.125  1.161345287133251e-14  1.394329651147063e-13  1.3447485196199926e-13 
12.69  2457960.1666666665  1.2156846379060003e-14  1.447896637637147e-13  1.41490213202114e-13 
13.7  2457960.2083333335  1.3150723636888873e-14  1.5553575855261204e-13  1.542816261666765e-13 
14.7  2457960.25  1.4496697419756197e-14  1.7294361852886291e-13  1.7217791868384816e-13 
15.7  2457960.2916666665  1.5856645767554415e-14  1.9589891523337103e-13  1.9267755070822195e-13 
16.71  2457960.3333333335  1.6979496828074303e-14  2.1923822337216388e-13  2.1406838454267423e-13 
17.71  2457960.375  1.7675154634995e-14  2.357491733210153e-13  2.342210597863272e-13 
18.71  2457960.4166666665  1.7916199339075755e-14  2.411757150730865e-13  2.492438473344893e-13 
19.71  2457960.4583333335  1.785020644123343e-14  2.3945563475714616e-13  2.576315350564103e-13 
20.65  2457959.5  1.741685018107589e-14  2.331179419630272e-13  2.5554816285000313e-13 
21.65  2457959.5416666665  1.6747574811612486e-14  2.2604765451759594e-13  2.459893619152455e-13 
22.66  2457959.5833333335  1.594227128646008e-14  2.1945559948710161e-13  2.3227966665508125e-13 
23.66  2457959.625  1.5155240738402185e-14  2.145241239671134e-13  2.19493496938195e-13 
