0.66  2457959.6666666665  1.2277732759458763e-14  3.316859165627449e-13  3.278874258362967e-13 
1.66  2457959.7083333335  1.1822343653407211e-14  3.288152889354909e-13  3.1383972272118516e-13 
2.67  2457959.75  1.1459672278147748e-14  3.252769176327963e-13  3.0275060639765557e-13 
3.67  2457959.7916666665  1.1160522186725568e-14  3.1966264251270364e-13  2.936954009279099e-13 
4.67  2457959.8333333335  1.0829317600882708e-14  3.0854487308433175e-13  2.843091535170538e-13 
5.68  2457959.875  1.0515008058611804e-14  2.9334938196622315e-13  2.753419303248807e-13 
6.68  2457959.9166666665  1.0212941851991204e-14  2.7514679232913545e-13  2.6496330442385663e-13 
7.68  2457959.9583333335  9.96031242805592e-15  2.5745469973891886e-13  2.523358897763794e-13 
8.68  2457960.0  9.752768210109128e-15  2.4297617431420225e-13  2.37740403337119e-13 
9.69  2457960.0416666665  9.616619868521543e-15  2.330717131155e-13  2.2397276496893663e-13 
10.69  2457960.0833333335  9.624510622802127e-15  2.2903782383844784e-13  2.1667212429159825e-13 
11.69  2457960.125  9.852221608534272e-15  2.319854825311155e-13  2.1996427898306874e-13 
12.69  2457960.1666666665  1.0321244158271646e-14  2.4019228414840524e-13  2.3206559758413397e-13 
13.7  2457960.2083333335  1.1184393816402042e-14  2.571138076133257e-13  2.538376047720822e-13 
14.7  2457960.25  1.2352475406495798e-14  2.859167874013123e-13  2.834370216220756e-13 
15.7  2457960.2916666665  1.3536173508026369e-14  3.2470258150234244e-13  3.158131406402545e-13 
16.71  2457960.3333333335  1.4509707356179895e-14  3.6181934388483573e-13  3.4842384856636846e-13 
17.71  2457960.375  1.5107711040667875e-14  3.8305636462280385e-13  3.792823743105252e-13 
18.71  2457960.4166666665  1.5305492272648653e-14  3.837072915229052e-13  4.034954927584322e-13 
19.71  2457960.4583333335  1.5230773518796692e-14  3.743859167028877e-13  4.182741781731527e-13 
20.65  2457959.5  1.4839920749287737e-14  3.6132397487098945e-13  4.151522996729121e-13 
21.65  2457959.5416666665  1.4247753079203124e-14  3.497979461542639e-13  3.973611108191967e-13 
22.66  2457959.5833333335  1.3539330474977186e-14  3.4089641376198236e-13  3.711922787088029e-13 
23.66  2457959.625  1.2854102902666369e-14  3.3528966638640106e-13  3.4674524362244444e-13 
