0.66  2457959.6666666665  1.220360276558655e-14  2.634200527074069e-13  2.603122818165685e-13 
1.66  2457959.7083333335  1.175112413167799e-14  2.612304248394528e-13  2.4902971352548877e-13 
2.67  2457959.75  1.1390996538457838e-14  2.5848314843610173e-13  2.4014233047909454e-13 
3.67  2457959.7916666665  1.1093965893074682e-14  2.540453346003189e-13  2.3291754428915957e-13 
4.67  2457959.8333333335  1.0764918236764813e-14  2.452043736567734e-13  2.255017695337067e-13 
5.68  2457959.875  1.0452461159376818e-14  2.3312292109566545e-13  2.184972193157068e-13 
6.68  2457959.9166666665  1.0152208669079391e-14  2.1869975643391529e-13  2.1043813743982682e-13 
7.68  2457959.9583333335  9.901044721250724e-15  2.047536725009759e-13  2.0060823114873533e-13 
8.68  2457960.0  9.694614539780824e-15  1.9340408962193307e-13  1.8915928960962473e-13 
9.69  2457960.0416666665  9.559089132187842e-15  1.8568216659675785e-13  1.7828641242739434e-13 
10.69  2457960.0833333335  9.566766611869815e-15  1.825660291373262e-13  1.725019857119869e-13 
11.69  2457960.125  9.793093112776642e-15  1.8491940937923314e-13  1.751305907856504e-13 
12.69  2457960.1666666665  1.0259569071456864e-14  1.914195484266511e-13  1.848012560573439e-13 
13.7  2457960.2083333335  1.1118214021141962e-14  2.0485269774388825e-13  2.0218186407227144e-13 
14.7  2457960.25  1.228017197155923e-14  2.2780154682252506e-13  2.2575972041746995e-13 
15.7  2457960.2916666665  1.3457797882327366e-14  2.5874944035068644e-13  2.514616402675181e-13 
16.71  2457960.3333333335  1.442620554889645e-14  2.8823570211587715e-13  2.7728755919546427e-13 
17.71  2457960.375  1.502087207434355e-14  3.0481947509126715e-13  3.017477218362696e-13 
18.71  2457960.4166666665  1.5217207847877674e-14  3.048998842186674e-13  3.2103520839180756e-13 
19.71  2457960.4583333335  1.514224838780684e-14  2.9715573702284914e-13  3.329037054887374e-13 
20.65  2457959.5  1.475288744240674e-14  2.8663823642172854e-13  3.3046566211986873e-13 
21.65  2457959.5416666665  1.4163421836109298e-14  2.774799777687328e-13  3.1619208140028134e-13 
22.66  2457959.5833333335  1.3458362836887552e-14  2.7049998137569727e-13  2.9514329140848325e-13 
23.66  2457959.625  1.2776643021041806e-14  2.6616844390235726e-13  2.754724925190917e-13 
