0.66  2457959.6666666665  1.3631668220420605e-14  9.342285995404007e-13  9.270429344314242e-13 
1.66  2457959.7083333335  1.3123333463592671e-14  9.22488937234208e-13  8.925646644714998e-13 
2.67  2457959.75  1.2714163439798165e-14  9.100111313629489e-13  8.646296637884293e-13 
3.67  2457959.7916666665  1.2376247095943495e-14  8.933211501774838e-13  8.405161679844109e-13 
4.67  2457959.8333333335  1.2005700523746255e-14  8.623246916844932e-13  8.124624339159274e-13 
5.68  2457959.875  1.1657769862333943e-14  8.199411370800654e-13  7.823686830312051e-13 
6.68  2457959.9166666665  1.1322813158009214e-14  7.672395280244607e-13  7.455981438650007e-13 
7.68  2457959.9583333335  1.1043628261594106e-14  7.131958707084406e-13  7.020260265221373e-13 
8.68  2457960.0  1.0815940307141392e-14  6.664967848723127e-13  6.552878503220613e-13 
9.69  2457960.0416666665  1.0668629699196589e-14  6.328922930711659e-13  6.141371626423492e-13 
10.69  2457960.0833333335  1.0680600005224303e-14  6.18054613091281e-13  5.93051267416679e-13 
11.69  2457960.125  1.0933568578623924e-14  6.258614650377487e-13  6.018016335984792e-13 
12.69  2457960.1666666665  1.1448577942546836e-14  6.496108590063671e-13  6.334841544362462e-13 
13.7  2457960.2083333335  1.2392745743775088e-14  6.974177933788143e-13  6.911512818379974e-13 
14.7  2457960.25  1.3671030747473593e-14  7.755256119098788e-13  7.714934538461396e-13 
15.7  2457960.2916666665  1.496395145070994e-14  8.788748628296307e-13  8.627395948944437e-13 
16.71  2457960.3333333335  1.6029899167316595e-14  9.826213160743309e-13  9.570732278353186e-13 
17.71  2457960.375  1.668824383309466e-14  1.0531591814959284e-12  1.0455784502696241e-12 
18.71  2457960.4166666665  1.6912548053042054e-14  1.072628151541465e-12  1.111696314819943e-12 
19.71  2457960.4583333335  1.6842852267072644e-14  1.0609816482335454e-12  1.1488512702088441e-12 
20.65  2457959.5  1.6425487347832626e-14  1.0308149191774637e-12  1.1391383325864025e-12 
21.65  2457959.5416666665  1.5785246490425708e-14  9.988740933828713e-13  1.0950394343723807e-12 
22.66  2457959.5833333335  1.5016623929004646e-14  9.701065601990612e-13  1.0318005302146286e-12 
23.66  2457959.625  1.426830810423625e-14  9.491666154373767e-13  9.729255624245764e-13 
