0.66  2457959.6666666665  1.536801947104993e-14  8.28066828029098e-14  8.223085726278491e-14 
1.66  2457959.7083333335  1.4802344322512372e-14  8.174910641579085e-14  7.926621122380907e-14 
2.67  2457959.75  1.4336270691871698e-14  8.061906322987532e-14  7.683579369809753e-14 
3.67  2457959.7916666665  1.3948497953916788e-14  7.913651619979086e-14  7.470812003334587e-14 
4.67  2457959.8333333335  1.3527265438956983e-14  7.637073557167738e-14  7.215139963381054e-14 
5.68  2457959.875  1.3136461045860162e-14  7.255077512669647e-14  6.932439087113378e-14 
6.68  2457959.9166666665  1.2759618655851835e-14  6.770773692497796e-14  6.580324827764283e-14 
7.68  2457959.9583333335  1.2446656283090008e-14  6.265666873196331e-14  6.164208151952533e-14 
8.68  2457960.0  1.219343508878262e-14  5.824657007222348e-14  5.725858170276086e-14 
9.69  2457960.0416666665  1.2032237330804666e-14  5.5054601177693167e-14  5.3469540143548015e-14 
10.69  2457960.0833333335  1.2049936937550712e-14  5.36193584052534e-14  5.153953795363989e-14 
11.69  2457960.125  1.2335546084691318e-14  5.427954169317149e-14  5.2296125655971725e-14 
12.69  2457960.1666666665  1.2905279997237997e-14  5.63469781926398e-14  5.503655490864389e-14 
13.7  2457960.2083333335  1.3923750580076795e-14  6.050108530845618e-14  6.000980545670107e-14 
14.7  2457960.25  1.528618053894963e-14  6.718036502269798e-14  6.691019589177334e-14 
15.7  2457960.2916666665  1.666552238061887e-14  7.591752838180606e-14  7.478619604586634e-14 
16.71  2457960.3333333335  1.7809879307030018e-14  8.482220733149028e-14  8.304378279728207e-14 
17.71  2457960.375  1.8521166747202105e-14  9.124483523237881e-14  9.089053877496353e-14 
18.71  2457960.4166666665  1.8783824905959862e-14  9.357222089856543e-14  9.685417288836345e-14 
19.71  2457960.4583333335  1.8724518392385446e-14  9.312918402293495e-14  1.0025740966302294e-13 
20.65  2457959.5  1.8300045228710318e-14  9.088485821898594e-14  9.966181100415198e-14 
21.65  2457959.5416666665  1.764219669823939e-14  8.833906095423517e-14  9.619889374681565e-14 
22.66  2457959.5833333335  1.6846863181501665e-14  8.593941658051075e-14  9.104686193881075e-14 
23.66  2457959.625  1.605879223266495e-14  8.413722977193169e-14  8.613996722983103e-14 
