0.66  2457959.6666666665  1.553530164145855e-14  7.412098652362301e-14  7.359765628464093e-14 
1.66  2457959.7083333335  1.4965258973355333e-14  7.319317913864291e-14  7.093098463455324e-14 
2.67  2457959.75  1.4494015406603236e-14  7.219285204997011e-14  6.874484666967674e-14 
3.67  2457959.7916666665  1.4101432707507225e-14  7.087157111241498e-14  6.683419541499916e-14 
4.67  2457959.8333333335  1.3675283784431333e-14  6.839241510795233e-14  6.454318798208151e-14 
5.68  2457959.875  1.3280345658989973e-14  6.496001816038055e-14  6.201282350454114e-14 
6.68  2457959.9166666665  1.2899467183579562e-14  6.060241375303867e-14  5.885853643878318e-14 
7.68  2457959.9583333335  1.2583251707417776e-14  5.6057530592653634e-14  5.512592942593842e-14 
8.68  2457960.0  1.232757520338389e-14  5.2093863212167846e-14  5.1189833751958376e-14 
9.69  2457960.0416666665  1.2165056518427588e-14  4.922979040864914e-14  4.7785057289994487e-14 
10.69  2457960.0833333335  1.2183337217191755e-14  4.794265139804922e-14  4.604897970916128e-14 
11.69  2457960.125  1.2472124938056168e-14  4.853043292309486e-14  4.672548529641225e-14 
12.69  2457960.1666666665  1.3046725583676926e-14  5.037121015487037e-14  4.918026572162291e-14 
13.7  2457960.2083333335  1.4069346709070535e-14  5.407472066520163e-14  5.3628979545724447e-14 
14.7  2457960.25  1.5434234045237363e-14  6.002848168754721e-14  5.978705204943527e-14 
15.7  2457960.2916666665  1.6816590211775172e-14  6.781074971175902e-14  6.680539710191849e-14 
16.71  2457960.3333333335  1.79645173622721e-14  7.574126724251423e-14  7.417096118532174e-14 
17.71  2457960.375  1.8678431738272995e-14  8.146738899496494e-14  8.119015273125598e-14 
18.71  2457960.4166666665  1.8945241977202626e-14  8.35576588317331e-14  8.655630980944226e-14 
19.71  2457960.4583333335  1.888720180397569e-14  8.317571616909234e-14  8.964046819767731e-14 
20.65  2457959.5  1.846468301126096e-14  8.11970423655136e-14  8.915226361084104e-14 
21.65  2457959.5416666665  1.7809475841666436e-14  7.896027341467556e-14  8.60936966448722e-14 
22.66  2457959.5833333335  1.7016575476910175e-14  7.685782260212689e-14  8.150246785957335e-14 
23.66  2457959.625  1.6228838647726317e-14  7.528410772615962e-14  7.710939092659278e-14 
