0.66  2457959.6666666665  1.3856348369180077e-14  5.412544063185203e-13  5.372519908700539e-13 
1.66  2457959.7083333335  1.3339265825290975e-14  5.342865134845583e-13  5.175174783009959e-13 
2.67  2457959.75  1.292237476190808e-14  5.269406158882404e-13  5.014872093782647e-13 
3.67  2457959.7916666665  1.2578017455722849e-14  5.172288763399687e-13  4.875794916769535e-13 
4.67  2457959.8333333335  1.2200952897291148e-14  4.992718714451444e-13  4.712335739338562e-13 
5.68  2457959.875  1.1847481806609145e-14  4.7471170160407e-13  4.5354127272474287e-13 
6.68  2457959.9166666665  1.1507109341011852e-14  4.4406550523843356e-13  4.3183489858739275e-13 
7.68  2457959.9583333335  1.1223554908386026e-14  4.12502888810895e-13  4.0616392804573864e-13 
8.68  2457960.0  1.0992559154552888e-14  3.851231802872474e-13  3.787826868543221e-13 
9.69  2457960.0416666665  1.084343347604053e-14  3.653553903083046e-13  3.548055472816355e-13 
10.69  2457960.0833333335  1.0856112311030301e-14  3.56579758833901e-13  3.4255195661097614e-13 
11.69  2457960.125  1.111326617546116e-14  3.610733720584039e-13  3.475958653487439e-13 
12.69  2457960.1666666665  1.1635815684662475e-14  3.7484602528930035e-13  3.658294812904295e-13 
13.7  2457960.2083333335  1.2593210014115479e-14  4.0252566474687394e-13  3.990448408878542e-13 
14.7  2457960.25  1.3889499655985876e-14  4.476008511664311e-13  4.4540483061268416e-13 
15.7  2457960.2916666665  1.5200253803753756e-14  5.071574181327661e-13  4.982196241023902e-13 
16.71  2457960.3333333335  1.6281327298638153e-14  5.671950860033453e-13  5.529670314566674e-13 
17.71  2457960.375  1.694957908074481e-14  6.085780811550477e-13  6.043484280892451e-13 
18.71  2457960.4166666665  1.717830412237922e-14  6.207628147600687e-13  6.42641731900407e-13 
19.71  2457960.4583333335  1.7109548898272185e-14  6.148079675287132e-13  6.640647153312946e-13 
20.65  2457959.5  1.6687909713160816e-14  5.977257757815441e-13  6.584748535610676e-13 
21.65  2457959.5416666665  1.6039910642479807e-14  5.793017296287131e-13  6.33258132362397e-13 
22.66  2457959.5833333335  1.5261510202100584e-14  5.62493378977463e-13  5.97134137581196e-13 
23.66  2457959.625  1.4502894030219388e-14  5.501323149697479e-13  5.634982455402601e-13 
