0.66  2457959.6666666665  1.1482642428043782e-14  5.041366107966093e-14  4.960159015306672e-14 
1.66  2457959.7083333335  1.1058536070879008e-14  5.0172387874713655e-14  4.7170196177460015e-14 
2.67  2457959.75  1.0723133161418143e-14  4.977672198252998e-14  4.530429974594285e-14 
3.67  2457959.7916666665  1.0446694215717947e-14  4.896475353817469e-14  4.3860278792097276e-14 
4.67  2457959.8333333335  1.0138638557274186e-14  4.7244559701367145e-14  4.253483187252862e-14 
5.68  2457959.875  9.84426209214155e-15  4.4920592260064204e-14  4.1464839090328935e-14 
6.68  2457959.9166666665  9.561722045978538e-15  4.227894317809917e-14  4.03556741005781e-14 
7.68  2457959.9583333335  9.324877027239254e-15  3.990751149994895e-14  3.896674483216888e-14 
8.68  2457960.0  9.12934814853368e-15  3.812880222663477e-14  3.715322737734707e-14 
9.69  2457960.0416666665  8.999950411444787e-15  3.701449712932389e-14  3.5253915477072427e-14 
10.69  2457960.0833333335  9.005613417230295e-15  3.663262224027496e-14  3.419842562546373e-14 
11.69  2457960.125  9.218467670917932e-15  3.711501264874937e-14  3.473942279329872e-14 
12.69  2457960.1666666665  9.660006513166676e-15  3.832725035579992e-14  3.673036874606964e-14 
13.7  2457960.2083333335  1.0474434375103979e-14  4.090055141927092e-14  4.0266457820194475e-14 
14.7  2457960.25  1.1576302438505357e-14  4.548721719721447e-14  4.495351267558283e-14 
15.7  2457960.2916666665  1.2694329497038617e-14  5.1763496726962846e-14  4.9853554343423414e-14 
16.71  2457960.3333333335  1.3612489132040685e-14  5.739184595754244e-14  5.459155264311385e-14 
17.71  2457960.375  1.4174503221252408e-14  5.98432961561422e-14  5.908107287893237e-14 
18.71  2457960.4166666665  1.4356824229252485e-14  5.883950521082414e-14  6.282663001857547e-14 
19.71  2457960.4583333335  1.4279728744065185e-14  5.6631293054049337e-14  6.537156348364942e-14 
20.65  2457959.5  1.3905119011197192e-14  5.433558895481727e-14  6.500457559403883e-14 
21.65  2457959.5416666665  1.334235024813936e-14  5.255886255040255e-14  6.193652805190772e-14 
22.66  2457959.5833333335  1.2670407340736767e-14  5.1362794678645346e-14  5.727939948934834e-14 
23.66  2457959.625  1.2023120947764895e-14  5.0735473585742754e-14  5.291796141656634e-14 
