0.66  2457959.6666666665  1.2060090329231169e-14  1.8085532125858495e-13  1.7859061462385165e-13 
1.66  2457959.7083333335  1.1613249771656762e-14  1.7947853427360875e-13  1.7066598355284661e-13 
2.67  2457959.75  1.1258046046038174e-14  1.7768119824934404e-13  1.644510909064838e-13 
3.67  2457959.7916666665  1.0965117458696183e-14  1.7466345222016219e-13  1.5944472914456738e-13 
4.67  2457959.8333333335  1.0640246319335395e-14  1.6857663849682087e-13  1.5440862290649683e-13 
5.68  2457959.875  1.0331379006876865e-14  1.6026360172423176e-13  1.4976616746003156e-13 
6.68  2457959.9166666665  1.0034641708792727e-14  1.5041100578296848e-13  1.4449504241724768e-13 
7.68  2457959.9583333335  9.786318400041553e-15  1.4098964232918844e-13  1.3803198398074214e-13 
8.68  2457960.0  9.582048464443657e-15  1.3341402011128398e-13  1.3037885338927884e-13 
9.69  2457960.0416666665  9.447732714125562e-15  1.28320586574771e-13  1.2300439007402172e-13 
10.69  2457960.0833333335  9.45500048035491e-15  1.263071967813796e-13  1.1905401134989444e-13 
11.69  2457960.125  9.678646267255339e-15  1.2794102191307082e-13  1.208793730147013e-13 
12.69  2457960.1666666665  1.0140183130868208e-14  1.3237926137201563e-13  1.2760484244573272e-13 
13.7  2457960.2083333335  1.0990085610260652e-14  1.4159491846102348e-13  1.3966589167619883e-13 
14.7  2457960.25  1.2140160193412783e-14  1.5745812496785738e-13  1.5595460044167677e-13 
15.7  2457960.2916666665  1.3306001777026186e-14  1.7891388012263293e-13  1.7358477290958131e-13 
16.71  2457960.3333333335  1.426446455485643e-14  1.9916651036104769e-13  1.912077864105531e-13 
17.71  2457960.375  1.485266005519011e-14  2.101417765364961e-13  2.0792679273521665e-13 
18.71  2457960.4166666665  1.5046199735769218e-14  2.0957299877276422e-13  2.2124621040839138e-13 
19.71  2457960.4583333335  1.497078513867744e-14  2.0377646532428622e-13  2.2958279816857054e-13 
20.65  2457959.5  1.4584325092835363e-14  1.9635657617774411e-13  2.2797066125123255e-13 
21.65  2457959.5416666665  1.4000112671091218e-14  1.9006251415152692e-13  2.179654850798831e-13 
22.66  2457959.5833333335  1.3301586792855071e-14  1.853925502489897e-13  2.031323756683341e-13 
23.66  2457959.625  1.2626674700090988e-14  1.8258498347623965e-13  1.8926097254717681e-13 
