0.66  2457959.6666666665  1.4618704842504262e-14  1.826197749062764e-13  1.8136938821843114e-13 
1.66  2457959.7083333335  1.4072021389541698e-14  1.8018259029869134e-13  1.748574880394463e-13 
2.67  2457959.75  1.3628929053186728e-14  1.7763879119939724e-13  1.6953778887013937e-13 
3.67  2457959.7916666665  1.326270757936934e-14  1.7434052963880834e-13  1.6487659642949415e-13 
4.67  2457959.8333333335  1.2863552893909302e-14  1.682704530389715e-13  1.592827930805776e-13 
5.68  2457959.875  1.249136494387538e-14  1.5994701408930184e-13  1.531163351817133e-13 
6.68  2457959.9166666665  1.2132703885251029e-14  1.4946563160170453e-13  1.454775637150043e-13 
7.68  2457959.9583333335  1.1834398984922958e-14  1.3856858981253954e-13  1.3647227995950192e-13 
8.68  2457960.0  1.1592248106430988e-14  1.290472813170072e-13  1.2697584111546633e-13 
9.69  2457960.0416666665  1.1437036977055627e-14  1.2213623043001538e-13  1.187528080933404e-13 
10.69  2457960.0833333335  1.1452180627195105e-14  1.190348042337916e-13  1.1457011975225712e-13 
11.69  2457960.125  1.1723520230643097e-14  1.2052134457824707e-13  1.1625086918851776e-13 
12.69  2457960.1666666665  1.2271472735654116e-14  1.2515230185769894e-13  1.223137010450576e-13 
13.7  2457960.2083333335  1.3273314081541112e-14  1.3444357690674555e-13  1.333675101280426e-13 
14.7  2457960.25  1.46301381167576e-14  1.4948856186631173e-13  1.488327410887519e-13 
15.7  2457960.2916666665  1.600082619558573e-14  1.693277512709999e-13  1.6655876619226336e-13 
16.71  2457960.3333333335  1.7132808018252715e-14  1.8952630490057064e-13  1.8508129744310299e-13 
17.71  2457960.375  1.7834463690469786e-14  2.03867862562556e-13  2.025581883315043e-13 
18.71  2457960.4166666665  1.807822175558756e-14  2.086480025557682e-13  2.156051271618806e-13 
19.71  2457960.4583333335  1.8012864071056355e-14  2.0723157573052502e-13  2.2290114218312733e-13 
20.65  2457959.5  1.7576963760829582e-14  2.017878709138787e-13  2.2112562434009956e-13 
21.65  2457959.5416666665  1.6903067336298042e-14  1.9569226731481982e-13  2.1288737588888457e-13 
22.66  2457959.5833333335  1.6091903705982982e-14  1.8999725206193594e-13  2.0105846806909866e-13 
23.66  2457959.625  1.529866975953506e-14  1.8572970196350108e-13  1.9001941865344696e-13 
