0.66  2457959.6666666665  1.179056157201429e-14  9.411753256713342e-14  9.279234374693527e-14 
1.66  2457959.7083333335  1.1354322587377009e-14  9.353230100487332e-14  8.847721712942091e-14 
2.67  2457959.75  1.1008363374577884e-14  9.269108325313847e-14  8.51244314356413e-14 
3.67  2457959.7916666665  1.0723134708280807e-14  9.114977949575712e-14  8.24728542920285e-14 
4.67  2457959.8333333335  1.0406110238833729e-14  8.796262573371015e-14  7.991407472968823e-14 
5.68  2457959.875  1.0103997266779874e-14  8.362098953549604e-14  7.768127285789026e-14 
6.68  2457959.9166666665  9.813875923292826e-15  7.855972815379394e-14  7.522881668595233e-14 
7.68  2457959.9583333335  9.570900399934705e-15  7.384115077692305e-14  7.21893317986138e-14 
8.68  2457960.0  9.370700453992037e-15  7.015099881002678e-14  6.844831742370819e-14 
9.69  2457960.0416666665  9.238669936956511e-15  6.773830884726535e-14  6.472136348357013e-14 
10.69  2457960.0833333335  9.245179784529423e-15  6.683296132632622e-14  6.269424294752617e-14 
11.69  2457960.125  9.463789542455788e-15  6.770423042970628e-14  6.366867307777733e-14 
12.69  2457960.1666666665  9.916017531925077e-15  6.99893073451643e-14  6.726398862973042e-14 
13.7  2457960.2083333335  1.0749422431377059e-14  7.478155743708897e-14  7.368262585154365e-14 
14.7  2457960.25  1.1877075921820519e-14  8.316159259140306e-14  8.227355494861289e-14 
15.7  2457960.2916666665  1.3020680565975094e-14  9.4561520305592e-14  9.143183163450165e-14 
16.71  2457960.3333333335  1.3960390099382343e-14  1.0509960212451166e-13  1.0047309718911016e-13 
17.71  2457960.375  1.4536394485634013e-14  1.103375823296802e-13  1.0906833513088895e-13 
18.71  2457960.4166666665  1.472469119728663e-14  1.0935088747822937e-13  1.1606369004762682e-13 
19.71  2457960.4583333335  1.4648461432477674e-14  1.0582500659689394e-13  1.2060299111689642e-13 
20.65  2457959.5  1.42674963161276e-14  1.0176027227421936e-13  1.1983508696814656e-13 
21.65  2457959.5416666665  1.3693230508437161e-14  9.84749410397631e-14  1.1440130962749597e-13 
22.66  2457959.5833333335  1.3007052238067491e-14  9.616065900185373e-14  1.0625648054056043e-13 
23.66  2457959.625  1.2344987131177956e-14  9.486067583812537e-14  9.863154532760501e-14 
