0.66  2457959.6666666665  1.5709284489069492e-14  6.346524861462786e-14  6.300848703992454e-14 
1.66  2457959.7083333335  1.513465595900104e-14  6.269015153816863e-14  6.071070910203675e-14 
2.67  2457959.75  1.4658021953332472e-14  6.184539553960773e-14  5.882745928825973e-14 
3.67  2457959.7916666665  1.4260437253331346e-14  6.072011018672744e-14  5.71850828318666e-14 
4.67  2457959.8333333335  1.3829179652540347e-14  5.859409194053415e-14  5.522164306956625e-14 
5.68  2457959.875  1.3429950626396717e-14  5.564237955296855e-14  5.305683294870301e-14 
6.68  2457959.9166666665  1.3044882959597414e-14  5.1889842016288915e-14  5.0356218344040383e-14 
7.68  2457959.9583333335  1.2725291215436522e-14  4.797673436450638e-14  4.7155193255244206e-14 
8.68  2457960.0  1.246706700970896e-14  4.456905835317892e-14  4.377470175595921e-14 
9.69  2457960.0416666665  1.2303180267536585e-14  4.211177246858334e-14  4.0847337524021e-14 
10.69  2457960.0833333335  1.2322069225294193e-14  4.1008332206795965e-14  3.935276239733661e-14 
11.69  2457960.125  1.2614160191024561e-14  4.150864158510001e-14  3.9931481251540144e-14 
12.69  2457960.1666666665  1.3193822928258092e-14  4.3075101336227256e-14  4.2035892689176224e-14 
13.7  2457960.2083333335  1.4220903911378144e-14  4.623205592860115e-14  4.5843782299236794e-14 
14.7  2457960.25  1.558873798278046e-14  5.130846474909486e-14  5.110119178793617e-14 
15.7  2457960.2916666665  1.6974580259545264e-14  5.794091328471218e-14  5.708289342081093e-14 
16.71  2457960.3333333335  1.8126482799868156e-14  6.46983241291887e-14  6.336730536009394e-14 
17.71  2457960.375  1.8843284255291447e-14  6.957949180536172e-14  6.937630230969085e-14 
18.71  2457960.4166666665  1.9114389777553997e-14  7.136942152119121e-14  7.400072301059709e-14 
19.71  2457960.4583333335  1.905764279160332e-14  7.10490699056447e-14  7.668009740958332e-14 
20.65  2457959.5  1.8636962753677965e-14  6.937795724206105e-14  7.630286991693962e-14 
21.65  2457959.5416666665  1.7984197215370735e-14  6.74995739083417e-14  7.371724136644953e-14 
22.66  2457959.5833333335  1.7193470599235373e-14  6.574211820854303e-14  6.979854516050334e-14 
23.66  2457959.625  1.6405814104991046e-14  6.443313186794462e-14  6.60307832629469e-14 
