0.66  2457959.6666666665  1.2846927318801975e-14  2.533349926805154e-12  2.509625090750917e-12 
1.66  2457959.7083333335  1.236923126834386e-14  2.505986024527542e-12  2.409877140334104e-12 
2.67  2457959.75  1.1987019624765875e-14  2.4752171258560196e-12  2.330061944911855e-12 
3.67  2457959.7916666665  1.167158396199733e-14  2.4310505442765937e-12  2.262957431851023e-12 
4.67  2457959.8333333335  1.1323827363957781e-14  2.3467186727448903e-12  2.188956898427406e-12 
5.68  2457959.875  1.0995334452808723e-14  2.231424086724942e-12  2.113449770296381e-12 
6.68  2457959.9166666665  1.0679387144831331e-14  2.0904920669626926e-12  2.023237184730434e-12 
7.68  2457959.9583333335  1.041554592082206e-14  1.949319748133517e-12  1.915106868267443e-12 
8.68  2457960.0  1.019948754361331e-14  1.8300936768692206e-12  1.7953791581059933e-12 
9.69  2457960.0416666665  1.0058598019691376e-14  1.7460523953257173e-12  1.6867634160271615e-12 
10.69  2457960.0833333335  1.0068162401131433e-14  1.7101241966687714e-12  1.6302674425649392e-12 
11.69  2457960.125  1.0306498767695893e-14  1.7319238821021095e-12  1.6546268869738023e-12 
12.69  2457960.1666666665  1.0794972668629177e-14  1.7956410263129715e-12  1.7435206616815502e-12 
13.7  2457960.2083333335  1.1692466130901745e-14  1.925228064590477e-12  1.9044913460380743e-12 
14.7  2457960.25  1.2907246771584767e-14  2.140892033731556e-12  2.1263231990453972e-12 
15.7  2457960.2916666665  1.4137241608042921e-14  2.4285744042239523e-12  2.374046615201748e-12 
16.71  2457960.3333333335  1.5149899664366512e-14  2.711185205489857e-12  2.6270818276217708e-12 
17.71  2457960.375  1.5773408552156817e-14  2.8895191036103003e-12  2.865142161368461e-12 
18.71  2457960.4166666665  1.598231326798485e-14  2.9203514350992018e-12  3.0465536981094948e-12 
19.71  2457960.4583333335  1.5909565521512888e-14  2.870078771623699e-12  3.1520334032457257e-12 
20.65  2457959.5  1.5507402269554704e-14  2.7794850763376273e-12  3.1261988876855356e-12 
21.65  2457959.5416666665  1.4894737329459745e-14  2.6918717227599114e-12  2.9989559788558015e-12 
22.66  2457959.5833333335  1.416072916489442e-14  2.618312119971503e-12  2.8146360423311903e-12 
23.66  2457959.625  1.3448758895922572e-14  2.5679044645022724e-12  2.6428388614789314e-12 
