0.66  2457959.6666666665  1.3742377827160777e-14  6.833524222527517e-13  6.782021697559688e-13 
1.66  2457959.7083333335  1.3229731301786007e-14  6.746550896615e-13  6.531410829265007e-13 
2.67  2457959.75  1.2816756885648527e-14  6.654510363867278e-13  6.328094224524525e-13 
3.67  2457959.7916666665  1.24756670049535e-14  6.532150811830133e-13  6.152129747541313e-13 
4.67  2457959.8333333335  1.2101908326708791e-14  6.30543943639491e-13  5.946331033959539e-13 
5.68  2457959.875  1.1751246277212177e-14  5.995407917665224e-13  5.724538529941005e-13 
6.68  2457959.9166666665  1.1413619514494007e-14  5.609213316492099e-13  5.452965186798796e-13 
7.68  2457959.9583333335  1.1132280271344155e-14  5.212299366226239e-13  5.131489203407653e-13 
8.68  2457960.0  1.0902961241248614e-14  4.868627336043709e-13  4.787663347803592e-13 
9.69  2457960.0416666665  1.0754755008015504e-14  4.62088978368244e-13  4.4857930068134686e-13 
10.69  2457960.0833333335  1.0767073381820312e-14  4.5111948513914036e-13  4.3313259448229993e-13 
11.69  2457960.125  1.1022104470491821e-14  4.568112007822194e-13  4.395164786714739e-13 
12.69  2457960.1666666665  1.1540832295737145e-14  4.741930800804074e-13  4.62611623585438e-13 
13.7  2457960.2083333335  1.2491524790130604e-14  5.091524923095011e-13  5.046668329996063e-13 
14.7  2457960.25  1.3778691037845002e-14  5.661719054986443e-13  5.633146883658337e-13 
15.7  2457960.2916666665  1.5080408951403255e-14  6.415611445614631e-13  6.300290302138535e-13 
16.71  2457960.3333333335  1.6153816915959912e-14  7.174038912072985e-13  6.990932688099679e-13 
17.71  2457960.375  1.681704687082208e-14  7.693362677188e-13  7.638965622017464e-13 
18.71  2457960.4166666665  1.7043528820138557e-14  7.841659234704649e-13  8.122432305408248e-13 
19.71  2457960.4583333335  1.6974292911656836e-14  7.761614226610592e-13  8.393448894204089e-13 
20.65  2457959.5  1.6554817686311146e-14  7.543503626936451e-13  8.322593841514142e-13 
21.65  2457959.5416666665  1.5910746645991496e-14  7.31035895329065e-13  8.002174395194466e-13 
22.66  2457959.5833333335  1.513729895781307e-14  7.098968582868697e-13  7.542962900789489e-13 
23.66  2457959.625  1.4383901992220997e-14  6.944269974709364e-13  7.115422330801627e-13 
