0.66  2457959.6666666665  1.5051926585178237e-14  1.1228471481052643e-13  1.115176764045392e-13 
1.66  2457959.7083333335  1.449438360306284e-14  1.108104690482396e-13  1.0751940915888713e-13 
2.67  2457959.75  1.4038041703718474e-14  1.0925573838535086e-13  1.0424410061158707e-13 
3.67  2457959.7916666665  1.365935918474177e-14  1.0723368737015285e-13  1.0137174015361172e-13 
4.67  2457959.8333333335  1.3247428810562126e-14  1.0349218241481988e-13  9.79141418665356e-14 
5.68  2457959.875  1.2864457429689644e-14  9.83440085764012e-14  9.408941770914222e-14 
6.68  2457959.9166666665  1.2495263998812698e-14  9.18345543103502e-14  8.933472908221533e-14 
7.68  2457959.9583333335  1.2188467399371588e-14  8.505006640120789e-14  8.37256193737263e-14 
8.68  2457960.0  1.1939901455150321e-14  7.91192576074408e-14  7.782121121214491e-14 
9.69  2457960.0416666665  1.1781214943655301e-14  7.481730062230443e-14  7.271915591482346e-14 
10.69  2457960.0833333335  1.1797826800624509e-14  7.288275024203892e-14  7.012370027632332e-14 
11.69  2457960.125  1.2077422842019679e-14  7.378630191424815e-14  7.115224450526024e-14 
12.69  2457960.1666666665  1.2637963473304853e-14  7.661281418977774e-14  7.486816058391863e-14 
13.7  2457960.2083333335  1.3648998196647623e-14  8.228358033960652e-14  8.162706842282826e-14 
14.7  2457960.25  1.5007901029997704e-14  9.141642104657284e-14  9.104245955744936e-14 
15.7  2457960.2916666665  1.63825492775148e-14  1.0339182916495716e-13  1.018136129661346e-13 
16.71  2457960.3333333335  1.752090799404406e-14  1.155959845756489e-13  1.1308829521371913e-13 
17.71  2457960.375  1.8227673389805444e-14  1.2436123676529274e-13  1.2375714829242764e-13 
18.71  2457960.4166666665  1.848242198583544e-14  1.274626266621046e-13  1.3178993884995225e-13 
19.71  2457960.4583333335  1.8420648560744428e-14  1.2678477436189303e-13  1.3632328919788729e-13 
20.65  2457959.5  1.7991929582755892e-14  1.2363445797733828e-13  1.3539183648764134e-13 
21.65  2457959.5416666665  1.732821821575838e-14  1.2006002321695593e-13  1.3056012116582326e-13 
22.66  2457959.5833333335  1.6527268055639085e-14  1.1668898728424576e-13  1.2348484697934097e-13 
23.66  2457959.625  1.5737805888563437e-14  1.141511510726168e-13  1.168042559243416e-13 
