0.66  2457959.6666666665  1.1990597237812477e-14  1.4977553686399913e-13  1.4784349442500334e-13 
1.66  2457959.7083333335  1.154648849561301e-14  1.4868826778093671e-13  1.4120519565689286e-13 
2.67  2457959.75  1.1193668673515805e-14  1.472372968714334e-13  1.3601089642942923e-13 
3.67  2457959.7916666665  1.0902725892550647e-14  1.4475015553483204e-13  1.3184589347208722e-13 
4.67  2457959.8333333335  1.0579877524363454e-14  1.3970188980697349e-13  1.2769905478689318e-13 
5.68  2457959.875  1.0272750136737491e-14  1.3281022454982936e-13  1.2392558467629143e-13 
6.68  2457959.9166666665  9.97771686992221e-15  1.2467377561166335e-13  1.1967265758766546e-13 
7.68  2457959.9583333335  9.730770778377484e-15  1.1693952967423273e-13  1.144439951897831e-13 
8.68  2457960.0  9.527548591833617e-15  1.1076063584770259e-13  1.0819689185325891e-13 
9.69  2457960.0416666665  9.393820360526169e-15  1.0663299463428809e-13  1.0213019558390383e-13 
10.69  2457960.0833333335  9.400891254933415e-15  1.0502014560755384e-13  9.886854388103296e-14 
11.69  2457960.125  9.623238767548468e-15  1.0638112950273333e-13  1.0038936560339079e-13 
12.69  2457960.1666666665  1.0082379647517051e-14  1.1004651971084975e-13  1.0599598879460275e-13 
13.7  2457960.2083333335  1.092803841677079e-14  1.17676069388072e-13  1.1603934069904877e-13 
14.7  2457960.25  1.2072345135336909e-14  1.3086014839501457e-13  1.2957245623109094e-13 
15.7  2457960.2916666665  1.3232466557483138e-14  1.4871857219148557e-13  1.4416608169546184e-13 
16.71  2457960.3333333335  1.4186103721306493e-14  1.654925109584648e-13  1.5871243396038261e-13 
17.71  2457960.375  1.477116075059436e-14  1.7440226159766888e-13  1.7252263870918658e-13 
18.71  2457960.4166666665  1.4963347569137685e-14  1.7366359974383528e-13  1.835830360639377e-13 
19.71  2457960.4583333335  1.4887717797960543e-14  1.6866126883188403e-13  1.9056695961351956e-13 
20.65  2457959.5  1.4502668610433323e-14  1.6243420922854259e-13  1.89259167148162e-13 
21.65  2457959.5416666665  1.3921010562281913e-14  1.5721879079014072e-13  1.8088540144884544e-13 
22.66  2457959.5833333335  1.3225658467839507e-14  1.5340072009989095e-13  1.6843697055716717e-13 
23.66  2457959.625  1.2554050979177236e-14  1.5114324825615659e-13  1.567920029841451e-13 
