0.66  2457959.6666666665  1.669737348208452e-14  3.32933080669828e-14  3.302445223414047e-14 
1.66  2457959.7083333335  1.609597649142596e-14  3.294790975270864e-14  3.1767522179474254e-14 
2.67  2457959.75  1.558850531230134e-14  3.2542915964614014e-14  3.074027741906166e-14 
3.67  2457959.7916666665  1.5162528290457337e-14  3.1972660683993216e-14  2.9856816826484816e-14 
4.67  2457959.8333333335  1.4702345092226802e-14  3.084863688854746e-14  2.8822968638000426e-14 
5.68  2457959.875  1.4278905111142962e-14  2.9262638214516686e-14  2.7699161807932347e-14 
6.68  2457959.9166666665  1.3870206077399332e-14  2.7231993966265987e-14  2.6293736755122098e-14 
7.68  2457959.9583333335  1.3531572497653069e-14  2.511953768216753e-14  2.4610547138366005e-14 
8.68  2457960.0  1.3258988929798756e-14  2.3297650689987584e-14  2.2814199624329683e-14 
9.69  2457960.0416666665  1.308743930161206e-14  2.2000318419903374e-14  2.1246131659620826e-14 
10.69  2457960.0833333335  1.3109854250184555e-14  2.1420539916658025e-14  2.043935779644631e-14 
11.69  2457960.125  1.342065528323376e-14  2.1673210809358197e-14  2.0742136036132716e-14 
12.69  2457960.1666666665  1.4029052993944595e-14  2.246377128414221e-14  2.185579535886825e-14 
13.7  2457960.2083333335  1.508375027901671e-14  2.407705977082495e-14  2.385421532330161e-14 
14.7  2457960.25  1.6474538248216187e-14  2.6682545678843134e-14  2.6576106140306866e-14 
15.7  2457960.2916666665  1.7885763228896558e-14  3.008624998022856e-14  2.964294313127462e-14 
16.71  2457960.3333333335  1.906441774351332e-14  3.355028318378817e-14  3.288253901546092e-14 
17.71  2457960.375  1.980008505396049e-14  3.60490239584558e-14  3.603913357319142e-14 
18.71  2457960.4166666665  2.0095195434150424e-14  3.697124085414183e-14  3.855821685796118e-14 
19.71  2457960.4583333335  2.0045474870680802e-14  3.6803294417990413e-14  4.0084257004669484e-14 
20.65  2457959.5  1.963214279884462e-14  3.59768346993083e-14  3.9999797236783327e-14 
21.65  2457959.5416666665  1.8988375198703443e-14  3.508744394325791e-14  3.872290327303926e-14 
22.66  2457959.5833333335  1.8204314705336644e-14  3.4286655876522374e-14  3.668188514961961e-14 
23.66  2457959.625  1.741283267008311e-14  3.3714496446071415e-14  3.4668419638588235e-14 
