0.66  2457959.6666666665  1.213107419506207e-14  2.1472482309511768e-13  2.1211491268675362e-13 
1.66  2457959.7083333335  1.1681444358018343e-14  2.1301467595689958e-13  2.0281303289188175e-13 
2.67  2457959.75  1.1323805329074714e-14  2.1082757007068243e-13  1.9550179719906192e-13 
3.67  2457959.7916666665  1.1028847972644221e-14  2.0722737369749118e-13  1.8958523981508374e-13 
4.67  2457959.8333333335  1.0701910921291706e-14  2.0001093325415993e-13  1.8357272272083365e-13 
5.68  2457959.875  1.0391267472263735e-14  1.901518640720149e-13  1.7796082857776078e-13 
6.68  2457959.9166666665  1.0092790848419742e-14  1.784235402646148e-13  1.7154511390099596e-13 
7.68  2457959.9583333335  9.843061921508714e-15  1.6714461611198403e-13  1.6369942898049736e-13 
8.68  2457960.0  9.637722904554544e-15  1.580192650176248e-13  1.544876527015789e-13 
9.69  2457960.0416666665  9.502808224902377e-15  1.5184632523906434e-13  1.4567707190133298e-13 
10.69  2457960.0833333335  9.510278115985284e-15  1.49379907658047e-13  1.4097391507096448e-13 
11.69  2457960.125  9.735249899979461e-15  1.5130876430429607e-13  1.431285796259184e-13 
12.69  2457960.1666666665  1.0199231224086504e-14  1.5659277439016375e-13  1.5106187286632836e-13 
13.7  2457960.2083333335  1.105346146294917e-14  1.6753830145412976e-13  1.65304621439853e-13 
14.7  2457960.25  1.2209418466880724e-14  1.8630740497521586e-13  1.8458300449462608e-13 
15.7  2457960.2916666665  1.3381093574981028e-14  2.116560072718871e-13  2.0552446673653323e-13 
16.71  2457960.3333333335  1.4344478730688592e-14  2.3569723693328244e-13  2.265136279071871e-13 
17.71  2457960.375  1.4935876647762497e-14  2.4897615515601877e-13  2.4640999864229375e-13 
18.71  2457960.4166666665  1.513079895143004e-14  2.4867594948894767e-13  2.621786028132671e-13 
19.71  2457960.4583333335  1.505560767098112e-14  2.4208053819790065e-13  2.7196349840533304e-13 
20.65  2457959.5  1.4667710662621685e-14  2.333893076980683e-13  2.7001187706663023e-13 
21.65  2457959.5416666665  1.4080896250808568e-14  2.2592037891424771e-13  2.5825638825736386e-13 
22.66  2457959.5833333335  1.3379135431854582e-14  2.2030361086129002e-13  2.4087519951094873e-13 
23.66  2457959.625  1.2700853317506562e-14  2.1687182007836523e-13  2.2462630169251774e-13 
