0.66  2457959.6666666665  1.4902385341302505e-14  1.3600373525715933e-13  1.3507726262900948e-13 
1.66  2457959.7083333335  1.4348630391416408e-14  1.3420307471284126e-13  1.3023774382834898e-13 
2.67  2457959.75  1.3896874210261746e-14  1.3231266547706078e-13  1.262761741269984e-13 
3.67  2457959.7916666665  1.3522492766461675e-14  1.2985944245722388e-13  1.2280149647309135e-13 
4.67  2457959.8333333335  1.3114968826195247e-14  1.25331936667897e-13  1.1862021177439062e-13 
5.68  2457959.875  1.2735713376187921e-14  1.1911098100840775e-13  1.13997941057162e-13 
6.68  2457959.9166666665  1.2370149043195953e-14  1.1125566120627886e-13  1.0825804367350077e-13 
7.68  2457959.9583333335  1.2066278170186437e-14  1.0307370674762316e-13  1.0148978750556321e-13 
8.68  2457960.0  1.1819921962245382e-14  9.592037778932815e-14  9.436348370749915e-14 
9.69  2457960.0416666665  1.1662430625831016e-14  9.072885074317786e-14  8.820326708013825e-14 
10.69  2457960.0833333335  1.1678532672601794e-14  8.83952143609201e-14  8.507033753881235e-14 
11.69  2457960.125  1.1955280735550633e-14  8.949411668000009e-14  8.631797695947992e-14 
12.69  2457960.1666666665  1.2511474197045555e-14  9.292809801573679e-14  9.082185758237892e-14 
13.7  2457960.2083333335  1.3519195471767075e-14  9.981580669660855e-14  9.902148289595762e-14 
14.7  2457960.25  1.4876992747926608e-14  1.10924502151619e-13  1.1046262862501885e-13 
15.7  2457960.2916666665  1.6249925911961562e-14  1.2551446873978214e-13  1.2356201899297725e-13 
16.71  2457960.3333333335  1.7385823937036707e-14  1.4038006613498726e-13  1.372647319071141e-13 
17.71  2457960.375  1.809067250587186e-14  1.51023115908682e-13  1.5021332189815532e-13 
18.71  2457960.4166666665  1.8341647961570364e-14  1.547266302514609e-13  1.5992821578010387e-13 
19.71  2457960.4583333335  1.8278667283647575e-14  1.5383950558071955e-13  1.653889587684592e-13 
20.65  2457959.5  1.7847661096761798e-14  1.4994982363332744e-13  1.641924451127319e-13 
21.65  2457959.5416666665  1.7180736597253207e-14  1.4554890063329493e-13  1.5825052947288607e-13 
22.66  2457959.5833333335  1.637661517828534e-14  1.4140647797397223e-13  1.4961061816114137e-13 
23.66  2457959.625  1.5586112976063776e-14  1.382897895095219e-13  1.4148563882700194e-13 
