0.66  2457959.6666666665  1.2353523872077052e-14  4.0121939493218113e-13  3.967586510944059e-13 
1.66  2457959.7083333335  1.1895160349148578e-14  3.9761245676668507e-13  3.799534326521377e-13 
2.67  2457959.75  1.1529887915155053e-14  3.932389607153278e-13  3.666598860852254e-13 
3.67  2457959.7916666665  1.1228570497897807e-14  3.864162921430865e-13  3.557564103015318e-13 
4.67  2457959.8333333335  1.0895160941547893e-14  3.729841784046101e-13  3.443452783680249e-13 
5.68  2457959.875  1.0578958684173811e-14  3.546232182113371e-13  3.3332451381183324e-13 
6.68  2457959.9166666665  1.0275039535038863e-14  3.325569108986394e-13  3.204984694343257e-13 
7.68  2457959.9583333335  1.0020913073388283e-14  3.110029320412113e-13  3.0493110712122033e-13 
8.68  2457960.0  9.812231117761204e-15  2.932706080041835e-13  2.870668714762191e-13 
9.69  2457960.0416666665  9.675447208278236e-15  2.810780100135756e-13  2.7032414642845543e-13 
10.69  2457960.0833333335  9.683557157735475e-15  2.760695857012962e-13  2.614736370223097e-13 
11.69  2457960.125  9.912683498783577e-15  2.7961705627957033e-13  2.6543557102623474e-13 
12.69  2457960.1666666665  1.038430646928286e-14  2.89570521035011e-13  2.7998520362126163e-13 
13.7  2457960.2083333335  1.1252054033417616e-14  3.1004821862108045e-13  3.061888952903337e-13 
14.7  2457960.25  1.242638633481359e-14  3.447807460336243e-13  3.418891651344834e-13 
15.7  2457960.2916666665  1.3616282332627656e-14  3.9148376968910144e-13  3.8106758317208146e-13 
16.71  2457960.3333333335  1.459504975056391e-14  4.363661617332024e-13  4.206202242143823e-13 
17.71  2457960.375  1.5196461624402034e-14  4.624684767664928e-13  4.5801381723616e-13 
18.71  2457960.4166666665  1.5395721505103346e-14  4.639014858876056e-13  4.872151519851589e-13 
19.71  2457960.4583333335  1.5321252747853378e-14  4.5313577550653515e-13  5.048987183921342e-13 
20.65  2457959.5  1.4928879309721684e-14  4.375527938220694e-13  5.010636238660785e-13 
21.65  2457959.5416666665  1.4333956959785478e-14  4.2361755380103937e-13  4.797563372772293e-13 
22.66  2457959.5833333335  1.3622103031434882e-14  4.1271472414506296e-13  4.48493582071577e-13 
23.66  2457959.625  1.293329515262491e-14  4.057494868384145e-13  4.1929815144884297e-13 
