0.66  2457959.6666666665  1.421952196029421e-14  3.1178562196828297e-13  3.095875390043332e-13 
1.66  2457959.7083333335  1.3688322428692247e-14  3.076673763229585e-13  2.9838000049439696e-13 
2.67  2457959.75  1.3258949814660633e-14  3.0336015072545726e-13  2.892462001143065e-13 
3.67  2457959.7916666665  1.2904178289155948e-14  2.977389936666055e-13  2.8127324019785696e-13 
4.67  2457959.8333333335  1.2516585222292806e-14  2.8738961466749137e-13  2.7178498934360033e-13 
5.68  2457959.875  1.2154181901711455e-14  2.732230336145797e-13  2.6140325224581736e-13 
6.68  2457959.9166666665  1.1805080297385762e-14  2.554611225284246e-13  2.4859868543445677e-13 
7.68  2457959.9583333335  1.1514484548431681e-14  2.3706917303431256e-13  2.334883651275564e-13 
8.68  2457960.0  1.1278161726158904e-14  2.21042676173299e-13  2.174807247438046e-13 
9.69  2457960.0416666665  1.112612319232016e-14  2.0942996581224128e-13  2.0355584207902763e-13 
10.69  2457960.0833333335  1.113996480257623e-14  2.0424139788246302e-13  1.9646104128355704e-13 
11.69  2457960.125  1.1403879559680713e-14  2.0680509811301508e-13  1.993471310349112e-13 
12.69  2457960.1666666665  1.193856505257765e-14  2.1473633939862107e-13  2.0976232977076384e-13 
13.7  2457960.2083333335  1.2917215020704997e-14  2.306519460280082e-13  2.2875010624503744e-13 
14.7  2457960.25  1.42424476187831e-14  2.564733575507646e-13  2.553015462086148e-13 
15.7  2457960.2916666665  1.558186250029872e-14  2.9053888541076226e-13  2.8566201160171974e-13 
16.71  2457960.3333333335  1.6687266432882877e-14  3.250679074321612e-13  3.172573748483987e-13 
17.71  2457960.375  1.737147147954245e-14  3.492776563821045e-13  3.4695923632224464e-13 
18.71  2457960.4166666665  1.7607352041897855e-14  3.5695389778533093e-13  3.690709675609002e-13 
19.71  2457960.4583333335  1.754017654471039e-14  3.5410501551858394e-13  3.814043440357659e-13 
20.65  2457959.5  1.7111698045391365e-14  3.4456714528085977e-13  3.7825113193789173e-13 
21.65  2457959.5416666665  1.6451281323403463e-14  3.340420115751715e-13  3.639782606290984e-13 
22.66  2457959.5833333335  1.5657194845100632e-14  3.2429388166388403e-13  3.4353296226435197e-13 
23.66  2457959.625  1.4882024477895534e-14  3.1703950441916506e-13  3.244823989511196e-13 
