0.66  2457959.6666666665  1.302797791782808e-14  4.6051191428655026e-12  4.564244593970735e-12 
1.66  2457959.7083333335  1.2543201288679847e-14  4.55300438650718e-12  4.38621585605063e-12 
2.67  2457959.75  1.2154771561426928e-14  4.495451417155929e-12  4.2432733666576815e-12 
3.67  2457959.7916666665  1.1834151833723102e-14  4.41459489714412e-12  4.1222037793897224e-12 
4.67  2457959.8333333335  1.1481134046456217e-14  4.261492517721458e-12  3.98664752816819e-12 
5.68  2457959.875  1.1148144602838313e-14  4.052182346993312e-12  3.846271529944317e-12 
6.68  2457959.9166666665  1.0827798503834801e-14  3.7950986477049085e-12  3.677430637696694e-12 
7.68  2457959.9583333335  1.0560405760033128e-14  3.535806460267121e-12  3.4757426816839944e-12 
8.68  2457960.0  1.0341653418307452e-14  3.3153093386961766e-12  3.2545188658094445e-12 
9.69  2457960.0416666665  1.0199270889822213e-14  3.1588935751118646e-12  3.0555823319368254e-12 
10.69  2457960.0833333335  1.0209380533903226e-14  3.091359145507976e-12  2.952562568331533e-12 
11.69  2457960.125  1.0451094595604813e-14  3.1306730217755734e-12  2.9965132323254485e-12 
12.69  2457960.1666666665  1.0945718866522068e-14  3.2469131544008292e-12  3.15656164165984e-12 
13.7  2457960.2083333335  1.1854048412997327e-14  3.482582484118363e-12  3.446824069728218e-12 
14.7  2457960.25  1.3083568297832452e-14  3.872693494848936e-12  3.848123960560572e-12 
15.7  2457960.2916666665  1.432817148891709e-14  4.391862422628135e-12  4.298459610192776e-12 
16.71  2457960.3333333335  1.5353189349963776e-14  4.905032840003491e-12  4.759976034837137e-12 
17.71  2457960.375  1.5984768264788293e-14  5.236020005724846e-12  5.193664032579486e-12 
18.71  2457960.4166666665  1.619721973738684e-14  5.3034073030396944e-12  5.522042189359208e-12 
19.71  2457960.4583333335  1.61251428218214e-14  5.2215128833337704e-12  5.710923808810436e-12 
20.65  2457959.5  1.5719433357875146e-14  5.0611735317982206e-12  5.663413984595188e-12 
21.65  2457959.5416666665  1.5100338106123115e-14  4.902248397011974e-12  5.4359865757699656e-12 
22.66  2457959.5833333335  1.4358278038558394e-14  4.766089735443416e-12  5.107637211368593e-12 
23.66  2457959.625  1.3637869916239835e-14  4.671067916515515e-12  4.801745334635246e-12 
