0.66  2457959.6666666665  1.607922200836403e-14  4.633431702073941e-14  4.598482412777356e-14 
1.66  2457959.7083333335  1.5494706985622688e-14  4.580235084950185e-14  4.427994101117686e-14 
2.67  2457959.75  1.500656944259205e-14  4.520671205381988e-14  4.288415753229161e-14 
3.67  2457959.7916666665  1.4598351469057312e-14  4.4396074507655607e-14  4.167358799202179e-14 
4.67  2457959.8333333335  1.4156246908790557e-14  4.28387490227489e-14  4.023803795214987e-14 
5.68  2457959.875  1.3747922251347144e-14  4.066251065421184e-14  3.8663293631502305e-14 
6.68  2457959.9166666665  1.3353975634634877e-14  3.7887975588581215e-14  3.669635380534811e-14 
7.68  2457959.9583333335  1.3027228655729607e-14  3.499718236293353e-14  3.4355421400428316e-14 
8.68  2457960.0  1.2763606948820561e-14  3.248923636158299e-14  3.187327358356873e-14 
9.69  2457960.0416666665  1.2596830414228172e-14  3.068979142773066e-14  2.9717218820986705e-14 
10.69  2457960.0833333335  1.261702553686024e-14  2.988351681928734e-14  2.861297727390388e-14 
11.69  2457960.125  1.2916131314163465e-14  3.0243805669047924e-14  2.9034899809981134e-14 
12.69  2457960.1666666665  1.350655673444864e-14  3.137081051236492e-14  3.0576696983166626e-14 
13.7  2457960.2083333335  1.4543557168059313e-14  3.3652332289068155e-14  3.33570059070787e-14 
14.7  2457960.25  1.5918845641368506e-14  3.732675481248416e-14  3.717403135798401e-14 
15.7  2457960.2916666665  1.7313167984382698e-14  4.212661793859862e-14  4.149997803438939e-14 
16.71  2457960.3333333335  1.8474321100362072e-14  4.70142261333488e-14  4.605556801840161e-14 
17.71  2457960.375  1.919773301614818e-14  5.0542641462044544e-14  5.0445575833685936e-14 
18.71  2457960.4166666665  1.947789894107851e-14  5.1840005420888446e-14  5.387466723747574e-14 
19.71  2457960.4583333335  1.9423835643843493e-14  5.160610393276588e-14  5.5897827970540696e-14 
20.65  2457959.5  1.9006474654389545e-14  5.041488120846914e-14  5.5686025837243597e-14 
21.65  2457959.5416666665  1.83579707686453e-14  4.909844148349882e-14  5.384345552936456e-14 
22.66  2457959.5833333335  1.7570780788790646e-14  4.788405465330481e-14  5.0991982335816985e-14 
23.66  2457959.625  1.6782479262065816e-14  4.699270466108186e-14  4.8222239578025846e-14 
