0.66  2457959.6666666665  1.3317624894398533e-14  2.3636939347094794e-12  2.3442407446528704e-12 
1.66  2457959.7083333335  1.2821535417535078e-14  2.335331888820417e-12  2.2551127081849817e-12 
2.67  2457959.75  1.242315577389061e-14  2.304687454026388e-12  2.1832082666927682e-12 
3.67  2457959.7916666665  1.209423916902332e-14  2.2627933045713323e-12  2.121686802913108e-12 
4.67  2457959.8333333335  1.1732808414273706e-14  2.1843162046228345e-12  2.0513729155354754e-12 
5.68  2457959.875  1.139264030740539e-14  2.077026312311121e-12  1.9771436993242107e-12 
6.68  2457959.9166666665  1.106527332106114e-14  1.944386758134806e-12  1.887092125579543e-12 
7.68  2457959.9583333335  1.0792213274829267e-14  1.8093979064053207e-12  1.7799958381151323e-12 
8.68  2457960.0  1.0569164798050319e-14  1.6935874309968827e-12  1.663950663333526e-12 
9.69  2457960.0416666665  1.0424408329667749e-14  1.6107749274293935e-12  1.5607891479580943e-12 
10.69  2457960.0833333335  1.0435402697124547e-14  1.57457206384766e-12  1.5076742982380155e-12 
11.69  2457960.125  1.0682518196462433e-14  1.5945280772915092e-12  1.5300071111061153e-12 
12.69  2457960.1666666665  1.1186946303212327e-14  1.6544467460984389e-12  1.6110891396696344e-12 
13.7  2457960.2083333335  1.2112526300374133e-14  1.7754428600103633e-12  1.7584335760285452e-12 
14.7  2457960.25  1.3365515358867136e-14  1.9743108266831433e-12  1.9630075165737202e-12 
15.7  2457960.2916666665  1.463337516378701e-14  2.2381400347897965e-12  2.1940742895772252e-12 
16.71  2457960.3333333335  1.5678084299578304e-14  2.501087988794609e-12  2.4319602440836757e-12 
17.71  2457960.375  1.6322532290627706e-14  2.6756128132600632e-12  2.6552328547027017e-12 
18.71  2457960.4166666665  1.6540665762189008e-14  2.7180572539531303e-12  2.822968584430835e-12 
19.71  2457960.4583333335  1.6469704135850094e-14  2.682699713913187e-12  2.918164715495762e-12 
20.65  2457959.5  1.6058370663836565e-14  2.6035284152827703e-12  2.893562323150283e-12 
21.65  2457959.5416666665  1.542907417917457e-14  2.5222856381435676e-12  2.779558977650402e-12 
22.66  2457959.5833333335  1.4674215727403864e-14  2.4507735874461154e-12  2.615625232500961e-12 
23.66  2457959.625  1.394037473631741e-14  2.399692112730473e-12  2.4629802171539643e-12 
