0.66  2457959.6666666665  1.1726542223987293e-14  8.220913086622914e-14  8.101833014461882e-14 
1.66  2457959.7083333335  1.1292823855099635e-14  8.172499431259765e-14  7.720782495035003e-14 
2.67  2457959.75  1.0949059842822953e-14  8.101010340280463e-14  7.425427615683827e-14 
3.67  2457959.7916666665  1.0665659267935645e-14  7.966949840960837e-14  7.192898205545712e-14 
4.67  2457959.8333333335  1.0350499103011642e-14  7.688117019105573e-14  6.970822938229572e-14 
5.68  2457959.875  1.0049992848413778e-14  7.308697114715394e-14  6.779905312074311e-14 
6.68  2457959.9166666665  9.76144568996439e-15  6.868423895420818e-14  6.572284033249677e-14 
7.68  2457959.9583333335  9.519742889458749e-15  6.460829015413508e-14  6.314310441001837e-14 
8.68  2457960.0  9.320512191159473e-15  6.14452884672845e-14  5.993323974435678e-14 
9.69  2457960.0416666665  9.189027090231859e-15  5.939349099334267e-14  5.670571198124111e-14 
10.69  2457960.0833333335  9.195359176544973e-15  5.863551618160804e-14  5.494303387921746e-14 
11.69  2457960.125  9.412772497075094e-15  5.94015038047009e-14  5.5800061016507073e-14 
12.69  2457960.1666666665  9.862782968071047e-15  6.139266444639231e-14  5.896194505180791e-14 
13.7  2457960.2083333335  1.0692253927047175e-14  6.55789990466074e-14  6.460050618136808e-14 
14.7  2457960.25  1.1814561639803791e-14  7.292854316746656e-14  7.213108581988855e-14 
15.7  2457960.2916666665  1.2952863923292137e-14  8.294004837946858e-14  8.012758965674056e-14 
16.71  2457960.3333333335  1.3888104236325638e-14  9.214203560653698e-14  8.79933276104576e-14 
17.71  2457960.375  1.446120550595238e-14  9.660617840301129e-14  9.54712471740104e-14 
18.71  2457960.4166666665  1.464825854783168e-14  9.558874185247659e-14  1.015895479569616e-13 
19.71  2457960.4583333335  1.4571842938924742e-14  9.239913273070582e-14  1.0559666030771849e-13 
20.65  2457959.5  1.4192192207151318e-14  8.880643571269099e-14  1.0494167642763283e-13 
21.65  2457959.5416666665  1.3620304800425103e-14  8.593331102889927e-14  1.0014415478107843e-13 
22.66  2457959.5833333335  1.293707466782145e-14  8.393274572728393e-14  9.293356512849237e-14 
23.66  2457959.625  1.2278073095057683e-14  8.282745532377167e-14  8.618205203713849e-14 
