0.66  2457959.6666666665  1.52266608758635e-14  1.0021054198039244e-13  9.952718035378565e-14 
1.66  2457959.7083333335  1.4670711093699223e-14  9.893577052806636e-14  9.59907299009841e-14 
2.67  2457959.75  1.4215388823697387e-14  9.758239539071598e-14  9.310267185077393e-14 
3.67  2457959.7916666665  1.3838621828917832e-14  9.580272876005319e-14  9.057922551016263e-14 
4.67  2457959.8333333335  1.3438268132799888e-14  9.253165627325994e-14  8.760298200476813e-14 
5.68  2457959.875  1.3063623289682992e-14  8.798775820070073e-14  8.428114087515324e-14 
6.68  2457959.9166666665  1.271183752975436e-14  8.228928896172657e-14  8.01852305389231e-14 
7.68  2457959.9583333335  1.2427668269876506e-14  7.64553858748233e-14  7.53799654924853e-14 
8.68  2457960.0  1.2205032744016647e-14  7.149622115041498e-14  7.034547079967102e-14 
9.69  2457960.0416666665  1.2071026819319804e-14  6.804724277961494e-14  6.606460908358984e-14 
10.69  2457960.0833333335  1.2092444237280409e-14  6.647751138593289e-14  6.386449952714606e-14 
11.69  2457960.125  1.2340694796706448e-14  6.692222116451714e-14  6.451308218907177e-14 
12.69  2457960.1666666665  1.2931252013594027e-14  6.96167863913969e-14  6.813245386236429e-14 
13.7  2457960.2083333335  1.3955089910722146e-14  7.467235744716698e-14  7.421457246182952e-14 
14.7  2457960.25  1.5304027733763388e-14  8.25962049717179e-14  8.232233829672697e-14 
15.7  2457960.2916666665  1.665020843090753e-14  9.294426482120627e-14  9.148148525247947e-14 
16.71  2457960.3333333335  1.7764253019821726e-14  1.0352562027982755e-13  1.011883783687658e-13 
17.71  2457960.375  1.844662932177525e-14  1.1110432160999198e-13  1.1047135850907152e-13 
18.71  2457960.4166666665  1.86870623825464e-14  1.1375901527813836e-13  1.1755316110515806e-13 
19.71  2457960.4583333335  1.8614730795568352e-14  1.1310692061977441e-13  1.2157132629556526e-13 
20.65  2457959.5  1.8179103064380253e-14  1.1028377229947009e-13  1.2076113568802523e-13 
21.65  2457959.5416666665  1.7510657024327856e-14  1.0709804756888405e-13  1.1648520132157693e-13 
22.66  2457959.5833333335  1.670757201331541e-14  1.0410850193589003e-13  1.1020094997067224e-13 
23.66  2457959.625  1.5912043817079782e-14  1.0184571609885971e-13  1.0423226726030594e-13 
