0.66  2457959.6666666665  1.1541868044429778e-14  5.6664583102582125e-14  5.5774576654026876e-14 
1.66  2457959.7083333335  1.1115426294996583e-14  5.63801693315346e-14  5.306666174650527e-14 
2.67  2457959.75  1.0777993392398506e-14  5.5924857754861467e-14  5.098329018337736e-14 
3.67  2457959.7916666665  1.0499864414361093e-14  5.5010192590496126e-14  4.936433718547274e-14 
4.67  2457959.8333333335  1.019008330433165e-14  5.3079402492915054e-14  4.786411396452873e-14 
5.68  2457959.875  9.89421710569303e-15  5.046491333557409e-14  4.663338213525337e-14 
6.68  2457959.9166666665  9.610216926309142e-15  4.7476643488691046e-14  4.534054411919851e-14 
7.68  2457959.9583333335  9.372190982095854e-15  4.477222058616842e-14  4.372391282344353e-14 
8.68  2457960.0  9.175761839849815e-15  4.272551863168038e-14  4.163977208062e-14 
9.69  2457960.0416666665  9.045855842005829e-15  4.143150184296831e-14  3.9480350610225404e-14 
10.69  2457960.0833333335  9.051680119504676e-15  4.0978738249360755e-14  3.828570068543633e-14 
11.69  2457960.125  9.265641570743115e-15  4.1517354591071444e-14  3.8889323458898634e-14 
12.69  2457960.1666666665  9.709241009115767e-15  4.288177025467868e-14  4.111288058502131e-14 
13.7  2457960.2083333335  1.0527329957417107e-14  4.577142826169194e-14  4.506574806000868e-14 
14.7  2457960.25  1.1634172169140785e-14  5.090332980763586e-14  5.0314024603379174e-14 
15.7  2457960.2916666665  1.2757133582127934e-14  5.79188492714662e-14  5.582191185870971e-14 
16.71  2457960.3333333335  1.3679448835323383e-14  6.425064561421193e-14  6.117282601178692e-14 
17.71  2457960.375  1.4244159172945088e-14  6.708817365605036e-14  6.62504593867914e-14 
18.71  2457960.4166666665  1.4427628349008564e-14  6.60651033727683e-14  7.046758636575077e-14 
19.71  2457960.4583333335  1.4350693805192066e-14  6.364987772846126e-14  7.330709394936969e-14 
20.65  2457959.5  1.3974855030744955e-14  6.109318774801543e-14  7.288593001794828e-14 
21.65  2457959.5416666665  1.340986352817892e-14  5.910165166477543e-14  6.947254718427229e-14 
22.66  2457959.5833333335  1.273517158190555e-14  5.775288958970425e-14  6.430307841066145e-14 
23.66  2457959.625  1.2085033955569132e-14  5.703853508110681e-14  5.946166195750722e-14 
