0.66  2457959.6666666665  1.4094738589139986e-14  3.705495650564385e-13  3.678998952967946e-13 
1.66  2457959.7083333335  1.3568386333978826e-14  3.6568952367976477e-13  3.5452472515376723e-13 
2.67  2457959.75  1.3143302394085645e-14  3.6059598340009046e-13  3.436353897285277e-13 
3.67  2457959.7916666665  1.2792109473589357e-14  3.5392417671406884e-13  3.341472158758725e-13 
4.67  2457959.8333333335  1.2408132885993526e-14  3.4162737310631643e-13  3.2289802704472786e-13 
5.68  2457959.875  1.2048795353354835e-14  3.2480092689946727e-13  3.1062958701110493e-13 
6.68  2457959.9166666665  1.170268955104391e-14  3.0373659000566e-13  2.955229715220757e-13 
7.68  2457959.9583333335  1.1414510150167386e-14  2.819610661399736e-13  2.7768513480321063e-13 
8.68  2457960.0  1.1180014962783033e-14  2.630111108966939e-13  2.5874941376680126e-13 
9.69  2457960.0416666665  1.1028974373544961e-14  2.492939539378554e-13  2.4224445953317773e-13 
10.69  2457960.0833333335  1.1042414070610355e-14  2.431768866538545e-13  2.338277341907505e-13 
11.69  2457960.125  1.1304006448399735e-14  2.462336165965429e-13  2.3726507221984843e-13 
12.69  2457960.1666666665  1.1834529272246742e-14  2.556631539127748e-13  2.4967531556210254e-13 
13.7  2457960.2083333335  1.280589300816079e-14  2.745925260513576e-13  2.722958429987507e-13 
14.7  2457960.25  1.4121203007416186e-14  3.0533628385971143e-13  3.039115168228242e-13 
15.7  2457960.2916666665  1.5450793035965667e-14  3.459122548220841e-13  3.4002291259000124e-13 
16.71  2457960.3333333335  1.654785358915225e-14  3.8697002535711915e-13  3.7755381205051223e-13 
17.71  2457960.375  1.7226585582065568e-14  4.156076748085296e-13  4.128095465071697e-13 
18.71  2457960.4166666665  1.746000627933695e-14  4.2449119498878746e-13  4.3905581362127796e-13 
19.71  2457960.4583333335  1.7392279876156507e-14  4.208928301246912e-13  4.5370192931279756e-13 
20.65  2457959.5  1.6966141777248816e-14  4.0944440264869966e-13  4.499217851186372e-13 
21.65  2457959.5416666665  1.630997482567711e-14  3.968974311872929e-13  4.3286418918616853e-13 
22.66  2457959.5833333335  1.552126161726562e-14  3.8532790527438594e-13  4.084349805542807e-13 
23.66  2457959.625  1.4751766034379657e-14  3.7674777822317076e-13  3.856794181047492e-13 
