0.66  2457959.6666666665  1.2431038979451427e-14  5.090684153284551e-13  5.035726467801031e-13 
1.66  2457959.7083333335  1.1969634706378197e-14  5.043254419528928e-13  4.824814437589927e-13 
2.67  2457959.75  1.1601701768995227e-14  4.986612266073806e-13  4.657635257336757e-13 
3.67  2457959.7916666665  1.1298167332149058e-14  4.899655159389129e-13  4.5199152472866385e-13 
4.67  2457959.8333333335  1.0962502957399916e-14  4.729422317167485e-13  4.3744260966394457e-13 
5.68  2457959.875  1.064436624742208e-14  4.49670434059652e-13  4.232451774252827e-13 
6.68  2457959.9166666665  1.0338553481620559e-14  4.21614686702831e-13  4.06636806158253e-13 
7.68  2457959.9583333335  1.008289725662178e-14  3.940805084731937e-13  3.865256598326628e-13 
8.68  2457960.0  9.873052989697927e-15  3.7131469981339625e-13  3.636042788999807e-13 
9.69  2457960.0416666665  9.735620428797853e-15  3.555855032042813e-13  3.4225330946279123e-13 
10.69  2457960.0833333335  9.743955741796554e-15  3.490728826851362e-13  3.3100065007328003e-13 
11.69  2457960.125  9.974529469425185e-15  3.5355184009031623e-13  3.3600290721446745e-13 
12.69  2457960.1666666665  1.0448808660459163e-14  3.6621316896407244e-13  3.5435477389321117e-13 
13.7  2457960.2083333335  1.1321250691930546e-14  3.922064294268565e-13  3.8743906987238345e-13 
14.7  2457960.25  1.2501965379665424e-14  4.361422463043869e-13  4.3260710057530493e-13 
15.7  2457960.2916666665  1.369818951796887e-14  4.951367229669821e-13  4.823340895038967e-13 
16.71  2457960.3333333335  1.4682301803071735e-14  5.520617055204623e-13  5.326454731996989e-13 
17.71  2457960.375  1.5287195504881487e-14  5.856836340424721e-13  5.801677801733374e-13 
18.71  2457960.4166666665  1.5487968490231856e-14  5.88295850916715e-13  6.171089447360766e-13 
19.71  2457960.4583333335  1.541375944861414e-14  5.752690839544564e-13  6.393105810398378e-13 
20.65  2457959.5  1.5019835492048872e-14  5.557697336519103e-13  6.343756161142007e-13 
21.65  2457959.5416666665  1.442210401222076e-14  5.380982904473121e-13  6.076042740110729e-13 
22.66  2457959.5833333335  1.3706748629839556e-14  5.240956863731624e-13  5.684185643804965e-13 
23.66  2457959.625  1.3014285271460549e-14  5.150291558624607e-13  5.31837024523453e-13 
