0.66  2457959.6666666665  1.7408210120050593e-14  2.2603092004306803e-14  2.2416988289277654e-14 
1.66  2457959.7083333335  1.6786933915087325e-14  2.237762492820287e-14  2.1554322166258534e-14 
2.67  2457959.75  1.6257087368893128e-14  2.210721597754464e-14  2.0848396737631438e-14 
3.67  2457959.7916666665  1.5810705126019252e-14  2.1723020523361952e-14  2.0242904317638294e-14 
4.67  2457959.8333333335  1.5329802303271877e-14  2.0958712830910837e-14  1.953796888975873e-14 
5.68  2457959.875  1.488910514816153e-14  1.987621092683138e-14  1.8775191462841052e-14 
6.68  2457959.9166666665  1.4463566690706033e-14  1.848532723793588e-14  1.7820750565882476e-14 
7.68  2457959.9583333335  1.4111367051576615e-14  1.7038200255711088e-14  1.6675460016021558e-14 
8.68  2457960.0  1.3828561343995224e-14  1.5792782018704118e-14  1.5451162775918622e-14 
9.69  2457960.0416666665  1.3651604266801935e-14  1.49081578723107e-14  1.438129444974164e-14 
10.69  2457960.0833333335  1.3676625981285608e-14  1.451185091425337e-14  1.3830162354119544e-14 
11.69  2457960.125  1.4000836320372369e-14  1.467941585018642e-14  1.4035390939544536e-14 
12.69  2457960.1666666665  1.4629865564386e-14  1.520750681989123e-14  1.4790491926036224e-14 
13.7  2457960.2083333335  1.5706280593375327e-14  1.629076090216206e-14  1.6142510067124702e-14 
14.7  2457960.25  1.7118593508689307e-14  1.8037342646204236e-14  1.7977320873929112e-14 
15.7  2457960.2916666665  1.8552576411686978e-14  2.0312099982186743e-14  2.0038605250773468e-14 
16.71  2457960.3333333335  1.9753844044573355e-14  2.2628785119712853e-14  2.2217101933372666e-14 
17.71  2457960.375  2.0505077573927773e-14  2.4311118859392965e-14  2.4346520360405525e-14 
18.71  2457960.4166666665  2.0817119759206763e-14  2.4954273264391646e-14  2.6063796373726593e-14 
19.71  2457960.4583333335  2.077227060316109e-14  2.486540324115909e-14  2.711955750731946e-14 
20.65  2457959.5  2.0361715801451673e-14  2.4333605340538763e-14  2.7094374550857082e-14 
21.65  2457959.5416666665  1.972048570537626e-14  2.3759165409089192e-14  2.6263904061849902e-14 
22.66  2457959.5833333335  1.893663821462227e-14  2.3242109699736962e-14  2.490188589776414e-14 
23.66  2457959.625  1.8138916081794146e-14  2.2875060118455958e-14  2.354038172480494e-14 
