0.66  2457959.6666666665  1.267460952516382e-14  1.2063692069897361e-12  1.1944245827507705e-12 
1.66  2457959.7083333335  1.2203659153375187e-14  1.1940159793123869e-12  1.1459867356747371e-12 
2.67  2457959.75  1.1827364559453988e-14  1.1798275036859653e-12  1.1073686718573478e-12 
3.67  2457959.7916666665  1.1516861255925022e-14  1.158957284094829e-12  1.0751543659255579e-12 
4.67  2457959.8333333335  1.1174113776522817e-14  1.1187352460084563e-12  1.0402058355376783e-12 
5.68  2457959.875  1.0849907198707949e-14  1.0637448807730264e-12  1.0051283606585698e-12 
6.68  2457959.9166666665  1.0538153878006985e-14  9.968751237623315e-13  9.63536965584445e-13 
7.68  2457959.9583333335  1.0277699419976324e-14  9.303975528855777e-13  9.134957427551534e-13 
8.68  2457960.0  1.0064211342160277e-14  8.746885053761063e-13  8.574976316126924e-13 
9.69  2457960.0416666665  9.924749472146871e-15  8.357034158584613e-13  8.061981791521777e-13 
10.69  2457960.0833333335  9.93380058272528e-15  8.192263629908671e-13  7.793841116106483e-13 
11.69  2457960.125  1.0168921225191248e-14  8.296952990274631e-13  7.91078646563344e-13 
12.69  2457960.1666666665  1.0651525172300658e-14  8.5991244211409e-13  8.338470936301757e-13 
13.7  2457960.2083333335  1.153866630784478e-14  9.215825635847709e-13  9.111634430086233e-13 
14.7  2457960.25  1.2739367942000696e-14  1.0248191404701238e-12  1.0173364559118535e-12 
15.7  2457960.2916666665  1.3955406995161632e-14  1.1628771783894642e-12  1.135269249029102e-12 
16.71  2457960.3333333335  1.4956263914256134e-14  1.2975930263860282e-12  1.2553013002998193e-12 
17.71  2457960.375  1.5572073134102614e-14  1.380555470412805e-12  1.3683930681953547e-12 
18.71  2457960.4166666665  1.5777605880916532e-14  1.3920247209307975e-12  1.4552058199138591e-12 
19.71  2457960.4583333335  1.5704238987384147e-14  1.3654320181944874e-12  1.5063029671527276e-12 
20.65  2457959.5  1.5305473537692232e-14  1.3211001376779912e-12  1.4942010818324406e-12 
21.65  2457959.5416666665  1.4698968195896967e-14  1.2793066652874147e-12  1.4325230763306493e-12 
22.66  2457959.5833333335  1.3972661649994211e-14  1.2449786111190771e-12  1.3428362287589533e-12 
23.66  2457959.625  1.3268752477826719e-14  1.2219360601789216e-12  1.2591937582564338e-12 
