0.66  2457959.6666666665  1.4758076643807962e-14  1.5612903464250895e-13  1.550645214471471e-13 
1.66  2457959.7083333335  1.4207938377493427e-14  1.5405091402258276e-13  1.4950604829912358e-13 
2.67  2457959.75  1.3760595486850998e-14  1.5187661020923908e-13  1.4496017926601414e-13 
3.67  2457959.7916666665  1.339036491090418e-14  1.4905772387601046e-13  1.4097422408964088e-13 
4.67  2457959.8333333335  1.2987096732517595e-14  1.4386454117140348e-13  1.3618266950906436e-13 
5.68  2457959.875  1.2611433500052488e-14  1.367370244292226e-13  1.3089191671893243e-13 
6.68  2457959.9166666665  1.2249377756704196e-14  1.277492040183562e-13  1.243296321025666e-13 
7.68  2457959.9583333335  1.1948335679090371e-14  1.1839546612868576e-13  1.1659334631833317e-13 
8.68  2457960.0  1.1704116498044249e-14  1.1021904739291765e-13  1.0844283225455988e-13 
9.69  2457960.0416666665  1.1547782960859236e-14  1.0428372810829235e-13  1.0139231252394499e-13 
10.69  2457960.0833333335  1.1563396026993819e-14  1.0161760099091988e-13  9.78066985204045e-14 
11.69  2457960.125  1.1837393762659964e-14  1.0288393623674397e-13  9.924122052234231e-14 
12.69  2457960.1666666665  1.2389393979957596e-14  1.0683563603243513e-13  1.0441712409500112e-13 
13.7  2457960.2083333335  1.339405459550314e-14  1.147619229029026e-13  1.1384758497936367e-13 
14.7  2457960.25  1.4751163693664906e-14  1.275688848416416e-13  1.27025076602884e-13 
15.7  2457960.2916666665  1.6122781577666303e-14  1.4442107162421654e-13  1.421220155660664e-13 
16.71  2457960.3333333335  1.725655834412345e-14  1.615860795546518e-13  1.579052217170834e-13 
17.71  2457960.375  1.795970658142323e-14  1.73828397977933e-13  1.728057246569306e-13 
18.71  2457960.4166666665  1.8207020630348387e-14  1.7800449327464498e-13  1.8395355519972318e-13 
19.71  2457960.4583333335  1.8142846121878604e-14  1.7689633949544682e-13  1.902007943158637e-13 
20.65  2457959.5  1.770944563184869e-14  1.7233974896828667e-13  1.8875315908920164e-13 
21.65  2457959.5416666665  1.7039125052214904e-14  1.672072918368563e-13  1.8182369308713274e-13 
22.66  2457959.5833333335  1.623159757372849e-14  1.6239166766556024e-13  1.7181338523797068e-13 
23.66  2457959.625  1.543983585198282e-14  1.5877424228622387e-13  1.6243627785158312e-13 
