0.66  2457959.6666666665  1.692293309658091e-14  2.926423921366069e-14  2.90245769649284e-14 
1.66  2457959.7083333335  1.6315277305698635e-14  2.8967931609557525e-14  2.7912993411246523e-14 
2.67  2457959.75  1.5800721082676977e-14  2.8616276479553634e-14  2.700460240289669e-14 
3.67  2457959.7916666665  1.5368267067957405e-14  2.8117483397500772e-14  2.622477675384593e-14 
4.67  2457959.8333333335  1.4901501217327383e-14  2.7128549402663207e-14  2.5315017186384192e-14 
5.68  2457959.875  1.4472571050276205e-14  2.5730052576141594e-14  2.4328424756841415e-14 
6.68  2457959.9166666665  1.4058514386088405e-14  2.393714105609471e-14  2.3094287077039974e-14 
7.68  2457959.9583333335  1.3715564422298857e-14  2.207243698266781e-14  2.161421116570433e-14 
8.68  2457960.0  1.343972780294104e-14  2.0466371708318898e-14  2.0032476842633688e-14 
9.69  2457960.0416666665  1.3266453140558169e-14  1.9324615860045494e-14  1.8650371325451986e-14 
10.69  2457960.0833333335  1.3289689184100961e-14  1.881433153746202e-14  1.7938614241960626e-14 
11.69  2457960.125  1.3604749730070037e-14  1.903458956884117e-14  1.8204639784343754e-14 
12.69  2457960.1666666665  1.4219699136354307e-14  1.972472867958798e-14  1.9184135512048027e-14 
13.7  2457960.2083333335  1.528114760855065e-14  2.1136324806039287e-14  2.093977662880668e-14 
14.7  2457960.25  1.6678386255853247e-14  2.3416516830948896e-14  2.332655593339692e-14 
15.7  2457960.2916666665  1.8096492404324653e-14  2.6393806400997667e-14  2.601194299120469e-14 
16.71  2457960.3333333335  1.9282067320702857e-14  2.942407267919926e-14  2.8850157941363535e-14 
17.71  2457960.375  2.002252290851438e-14  3.161227191034662e-14  3.162196260119641e-14 
18.71  2457960.4166666665  2.0323032887119948e-14  3.242544019949231e-14  3.384544358404291e-14 
19.71  2457960.4583333335  2.0274867829994334e-14  3.2283569712611034e-14  3.5201448034957654e-14 
20.65  2457959.5  1.986260798276002e-14  3.156778382582369e-14  3.514395927476381e-14 
21.65  2457959.5416666665  1.921994438011153e-14  3.080041164127039e-14  3.403635076700823e-14 
22.66  2457959.5833333335  1.843629896744273e-14  3.011248393598272e-14  3.224862117643897e-14 
23.66  2457959.625  1.7643103108787943e-14  2.962396081831514e-14  3.0476565015316163e-14 
