0.66  2457959.6666666665  1.7159567892017562e-14  2.516708477087428e-14  2.4959577730171817e-14 
1.66  2457959.7083333335  1.6545295563506522e-14  2.4915754427770624e-14  2.4000036275405704e-14 
2.67  2457959.75  1.602329100193581e-14  2.4615123283979157e-14  2.3215582125622693e-14 
3.67  2457959.7916666665  1.5584044013479322e-14  2.4187319076767635e-14  2.254277890704005e-14 
4.67  2457959.8333333335  1.5110380302665854e-14  2.3336387053634282e-14  2.1759266409952288e-14 
5.68  2457959.875  1.4675704638481295e-14  2.2131472192613936e-14  2.091091772767437e-14 
6.68  2457959.9166666665  1.4256041557361535e-14  2.0584905351233524e-14  1.98495198054346e-14 
7.68  2457959.9583333335  1.3908574991973596e-14  1.897635371592716e-14  1.857573807280808e-14 
8.68  2457960.0  1.3629335064767419e-14  1.759193632192157e-14  1.7213666195879924e-14 
9.69  2457960.0416666665  1.3454259897570899e-14  1.6608606497818944e-14  1.6023037295451024e-14 
10.69  2457960.0833333335  1.3478363475986094e-14  1.6168776786929794e-14  1.5409622485077136e-14 
11.69  2457960.125  1.3797888141911921e-14  1.6356705595266818e-14  1.5638284557079832e-14 
12.69  2457960.1666666665  1.4419706183504602e-14  1.6946965631675615e-14  1.6480324507978947e-14 
13.7  2457960.2083333335  1.5488382141843675e-14  1.8156408779915912e-14  1.798845831373114e-14 
14.7  2457960.25  1.6892780086852786e-14  2.0109048234356748e-14  2.003623538454396e-14 
15.7  2457960.2916666665  1.831845671407134e-14  2.265613517127693e-14  2.2337917199578668e-14 
16.71  2457960.3333333335  1.951155523755145e-14  2.5249150493409482e-14  2.4771024781502493e-14 
17.71  2457960.375  2.0257190256341974e-14  2.7125728674515097e-14  2.7149816532760517e-14 
18.71  2457960.4166666665  2.0563337444652132e-14  2.7831258396868e-14  2.9064825903767275e-14 
19.71  2457960.4583333335  2.0516793465001792e-14  2.7718439387523197e-14  3.0238527724451365e-14 
20.65  2457959.5  2.0105461516306864e-14  2.7113670912185243e-14  3.020113526414843e-14 
21.65  2457959.5416666665  1.9463647738743312e-14  2.6464677963498127e-14  2.9262091256318555e-14 
22.66  2457959.5833333335  1.8680079090394524e-14  2.5883080572314867e-14  2.7733281450975934e-14 
23.66  2457959.625  1.788481071543434e-14  2.5471079187783822e-14  2.621115563612817e-14 
