0.66  2457959.6666666665  1.2936315387242106e-14  3.5725146199434893e-12  3.5399526046141596e-12 
1.66  2457959.7083333335  1.245512263358154e-14  3.5329848123708093e-12  3.4005943140768112e-12 
2.67  2457959.75  1.2069841147054483e-14  3.4889513558811568e-12  3.288889972721482e-12 
3.67  2457959.7916666665  1.1751846228543792e-14  3.4264419619625043e-12  3.1946215689102956e-12 
4.67  2457959.8333333335  1.140149185102989e-14  3.3075981661771053e-12  3.089857181741909e-12 
5.68  2457959.875  1.1070778018665758e-14  3.14512229409402e-12  2.9821448568766526e-12 
6.68  2457959.9166666665  1.0752657957549581e-14  2.9460310506029475e-12  2.8530100285968808e-12 
7.68  2457959.9583333335  1.0487062405529011e-14  2.7458983591048797e-12  2.6984972748593247e-12 
8.68  2457960.0  1.0269673132012686e-14  2.57627675960629e-12  2.5282406251380658e-12 
9.69  2457960.0416666665  1.0128045595518344e-14  2.456319256884267e-12  2.374480656351328e-12 
10.69  2457960.0833333335  1.0137878425852083e-14  2.404772947702338e-12  2.2946842645764424e-12 
11.69  2457960.125  1.0377882554198963e-14  2.4353910839655667e-12  2.3289049274569723e-12 
12.69  2457960.1666666665  1.086939517386314e-14  2.525411823535381e-12  2.4536517807418887e-12 
13.7  2457960.2083333335  1.1772243802182068e-14  2.7082002926778492e-12  2.679722926793207e-12 
14.7  2457960.25  1.2994308237902964e-14  3.011570318156004e-12  2.991784179643222e-12 
15.7  2457960.2916666665  1.423152243229425e-14  3.4157650232433233e-12  3.341141395925849e-12 
16.71  2457960.3333333335  1.5250287753846128e-14  3.814086791732005e-12  3.698591293539281e-12 
17.71  2457960.375  1.587778348548385e-14  4.0682775642191575e-12  4.034675503628179e-12 
18.71  2457960.4166666665  1.6088438813243265e-14  4.116244855093357e-12  4.289937071243579e-12 
19.71  2457960.4583333335  1.6016019697595165e-14  4.04909470116937e-12  4.4375301757852526e-12 
20.65  2457959.5  1.561210260401035e-14  3.9230449754604e-12  4.4008650612548585e-12 
21.65  2457959.5416666665  1.4996257647732214e-14  3.799617969141941e-12  4.2229565897179585e-12 
22.66  2457959.5833333335  1.4258269036304808e-14  3.694913440175663e-12  3.965688963651842e-12 
23.66  2457959.625  1.3542128812865545e-14  3.6224850571918352e-12  3.7259619664382064e-12 
