0.66  2457959.6666666665  1.4348296005025922e-14  2.43343424904559e-13  2.4164856765749037e-13 
1.66  2457959.7083333335  1.3812097694620153e-14  2.401118878821032e-13  2.329315312945746e-13 
2.67  2457959.75  1.3378299182692702e-14  2.367368334549751e-13  2.258209221382246e-13 
3.67  2457959.7916666665  1.3019834264927127e-14  2.3234526702509276e-13  2.196043561936368e-13 
4.67  2457959.8333333335  1.2628510218823918e-14  2.242649209782668e-13  2.1218185207159896e-13 
5.68  2457959.875  1.2262946631137114e-14  2.1319931856758817e-13  2.0403689522482522e-13 
6.68  2457959.9166666665  1.1910757193510877e-14  1.993046598004418e-13  1.9397553876713283e-13 
7.68  2457959.9583333335  1.1617671074511923e-14  1.848955157709807e-13  1.8210815397263285e-13 
8.68  2457960.0  1.1379465088573622e-14  1.723255296176975e-13  1.6955858166598976e-13 
9.69  2457960.0416666665  1.1226399817073996e-14  1.6321004767395e-13  1.586611904928061e-13 
10.69  2457960.0833333335  1.1240658769068563e-14  1.5913032718863588e-13  1.5311293775043213e-13 
11.69  2457960.125  1.1506969491442006e-14  1.611247177994931e-13  1.5536093903266659e-13 
12.69  2457960.1666666665  1.2045943020102984e-14  1.6731073364120875e-13  1.6347084326550235e-13 
13.7  2457960.2083333335  1.303209379585291e-14  1.7972134599993602e-13  1.7825758335929207e-13 
14.7  2457960.25  1.4367542568982015e-14  1.998387363894993e-13  1.9894170954480062e-13 
15.7  2457960.2916666665  1.5717071891687102e-14  2.2637132469734545e-13  2.2261578692731084e-13 
16.71  2457960.3333333335  1.68310683218317e-14  2.533078711394901e-13  2.4728556727683577e-13 
17.71  2457960.375  1.7520912390962103e-14  2.7228359944907457e-13  2.704991325458805e-13 
18.71  2457960.4166666665  1.7759332831671637e-14  2.7841724803620226e-13  2.8778800775375406e-13 
19.71  2457960.4583333335  1.7692734607070947e-14  2.763203927006836e-13  2.9743287046776067e-13 
20.65  2457959.5  1.7261851129555105e-14  2.689453885596683e-13  2.9499796963671363e-13 
21.65  2457959.5416666665  1.659706689309455e-14  2.6075830361990545e-13  2.839164908558057e-13 
22.66  2457959.5833333335  1.579745293305248e-14  2.531473851145815e-13  2.6803520717767477e-13 
23.66  2457959.625  1.5016440469077765e-14  2.474669415223724e-13  2.5323130436184637e-13 
