0.66  2457959.6666666665  1.2510344359633347e-14  6.608248755438346e-13  6.538957845893497e-13 
1.66  2457959.7083333335  1.2045830487311634e-14  6.5445797001517e-13  6.268084668251399e-13 
2.67  2457959.75  1.167517531731785e-14  6.469604539784676e-13  6.052950290286379e-13 
3.67  2457959.7916666665  1.1369372255555207e-14  6.356229824484656e-13  5.874966874008492e-13 
4.67  2457959.8333333335  1.1031401310813446e-14  6.135484293276744e-13  5.685219458930793e-13 
5.68  2457959.875  1.0711286844849956e-14  5.833697686807907e-13  5.498221971249754e-13 
6.68  2457959.9166666665  1.0403538263730161e-14  5.468780650388196e-13  5.278415968802703e-13 
7.68  2457959.9583333335  1.0146318324202208e-14  5.109030531811987e-13  5.012846394200146e-13 
8.68  2457960.0  9.935286253840135e-15  4.810169956315698e-13  4.712115352442311e-13 
9.69  2457960.0416666665  9.797191485206426e-15  4.602745709486443e-13  4.4336189265558837e-13 
10.69  2457960.0833333335  9.805758592078926e-15  4.5162276401468223e-13  4.287264020762523e-13 
11.69  2457960.125  1.0037812960548246e-14  4.574093874363909e-13  4.351893375139304e-13 
12.69  2457960.1666666665  1.0514806245419263e-14  4.738856890432635e-13  4.588755910451438e-13 
13.7  2457960.2083333335  1.139204284425062e-14  5.076416858992843e-13  5.01617606525393e-13 
14.7  2457960.25  1.2579276436964575e-14  5.645085485523185e-13  5.600882533967253e-13 
15.7  2457960.2916666665  1.3781963734848385e-14  6.407601073169721e-13  6.24658924321147e-13 
16.71  2457960.3333333335  1.4771536298396086e-14  7.146236263777092e-13  6.90124233149408e-13 
17.71  2457960.375  1.5379988212532916e-14  7.588947754495578e-13  7.519060969011986e-13 
18.71  2457960.4166666665  1.5582310092515132e-14  7.63283181332962e-13  7.997211782818593e-13 
19.71  2457960.4583333335  1.550837094010332e-14  7.471749679915237e-13  8.282496707473168e-13 
20.65  2457959.5  1.5112865558977156e-14  7.222113162941496e-13  8.217615068097652e-13 
21.65  2457959.5416666665  1.4512268572276977e-14  6.992856087360206e-13  7.873414471372731e-13 
22.66  2457959.5833333335  1.3793339070978328e-14  6.808937807939073e-13  7.370759518557533e-13 
23.66  2457959.625  1.3097142300284792e-14  6.688329068774761e-13  6.901672209199347e-13 
