0.66  2457959.6666666665  1.3218525150957808e-14  3.409736989464192e-12  3.3809808508499225e-12 
1.66  2457959.7083333335  1.2726304211166494e-14  3.3695568017208202e-12  3.251383495465513e-12 
2.67  2457959.75  1.2331329099698542e-14  3.325853632662282e-12  3.1469908850004765e-12 
3.67  2457959.7916666665  1.2005251620503032e-14  3.2655989625753715e-12  3.05796154246417e-12 
4.67  2457959.8333333335  1.164669871726034e-14  3.152349421530994e-12  2.9568727993956534e-12 
5.68  2457959.875  1.1308984648177552e-14  2.997522957300497e-12  2.8507980983454736e-12 
6.68  2457959.9166666665  1.0984017532221543e-14  2.806514170653695e-12  2.722458668635396e-12 
7.68  2457959.9583333335  1.0712894507672288e-14  2.6126732326884934e-12  2.5696161371461306e-12 
8.68  2457960.0  1.0491314038118827e-14  2.446829276560326e-12  2.4033677713513956e-12 
9.69  2457960.0416666665  1.0347367794224958e-14  2.328531943663769e-12  2.255041157494703e-12 
10.69  2457960.0833333335  1.0358057770948079e-14  2.2770150280961163e-12  2.1785334344126356e-12 
11.69  2457960.125  1.0603325543497411e-14  2.305906329059797e-12  2.210852928999434e-12 
12.69  2457960.1666666665  1.1104404241788245e-14  2.392231872036076e-12  2.3283073634469775e-12 
13.7  2457960.2083333335  1.2024093838786862e-14  2.566768935786578e-12  2.541614978857369e-12 
14.7  2457960.25  1.3269068310639812e-14  2.8542816710730703e-12  2.8373796921770246e-12 
15.7  2457960.2916666665  1.4528986701460227e-14  3.2360911532385943e-12  3.1707616064713746e-12 
16.71  2457960.3333333335  1.556696989786533e-14  3.6156245203584776e-12  3.5134770858537333e-12 
17.71  2457960.375  1.620702054377755e-14  3.865268361019243e-12  3.83524194327676e-12 
18.71  2457960.4166666665  1.6423208925994908e-14  3.922885802447568e-12  4.077545785881393e-12 
19.71  2457960.4583333335  1.635185997796383e-14  3.86879359455306e-12  4.215625460362553e-12 
20.65  2457959.5  1.59424439883452e-14  3.753124930833654e-12  4.180200626340236e-12 
21.65  2457959.5416666665  1.5316626005278984e-14  3.6357555458433654e-12  4.014481438910481e-12 
22.66  2457959.5833333335  1.4566135036744822e-14  3.533325107790903e-12  3.775894848967098e-12 
23.66  2457959.625  1.3836880927896768e-14  3.4606864898427163e-12  3.5537082232306542e-12 
