0.66  2457959.6666666665  1.3524066679455658e-14  1.2176221324835986e-12  1.2080530545072145e-12 
1.66  2457959.7083333335  1.3019925167688761e-14  1.202535090362685e-12  1.1628116984409428e-12 
2.67  2457959.75  1.2614452519784926e-14  1.1864205845460403e-12  1.1262065008284877e-12 
3.67  2457959.7916666665  1.227962020845898e-14  1.1647213918650429e-12  1.094697033812444e-12 
4.67  2457959.8333333335  1.191219631931199e-14  1.1243163460807259e-12  1.058243548748776e-12 
5.68  2457959.875  1.1566922933632985e-14  1.0690720284672776e-12  1.0193338382326947e-12 
6.68  2457959.9166666665  1.1234564091215987e-14  1.0005059124893089e-12  9.718978514222015e-13 
7.68  2457959.9583333335  1.0957475471560872e-14  9.303608298865646e-13  9.15624449390116e-13 
8.68  2457960.0  1.073137502317745e-14  8.69882410867738e-13  8.550717594667325e-13 
9.69  2457960.0416666665  1.0584937270827821e-14  8.264460176764312e-13  8.01597156426199e-13 
10.69  2457960.0833333335  1.0596571271968737e-14  8.0732582861935e-13  7.741555114481658e-13 
11.69  2457960.125  1.0847534793503516e-14  8.175349212011434e-13  7.855916727580778e-13 
12.69  2457960.1666666665  1.1358924253944175e-14  8.484647523002324e-13  8.270348837109794e-13 
13.7  2457960.2083333335  1.229673660491911e-14  9.107852499961798e-13  9.024310716126723e-13 
14.7  2457960.25  1.3566371670699182e-14  1.012794612248438e-12  1.0073623696340434e-12 
15.7  2457960.2916666665  1.485072352006561e-14  1.147879934307676e-12  1.126330367953439e-12 
16.71  2457960.3333333335  1.5909407033609023e-14  1.2831760807494248e-12  1.2491561135617387e-12 
17.71  2457960.375  1.6562996753010996e-14  1.3744729937696956e-12  1.3643956119022588e-12 
18.71  2457960.4166666665  1.6785185535457896e-14  1.3987376740585104e-12  1.4506243184781147e-12 
19.71  2457960.4583333335  1.6715049534187495e-14  1.3825932503878022e-12  1.4992208032412868e-12 
20.65  2457959.5  1.629974358164512e-14  1.3428037867591867e-12  1.4865424548785435e-12 
21.65  2457959.5416666665  1.5663239276344403e-14  1.3010937248766972e-12  1.4286665551054272e-12 
22.66  2457959.5833333335  1.4899319834709824e-14  1.2637961208743465e-12  1.3456074137978602e-12 
23.66  2457959.625  1.4155953254590572e-14  1.2368046305334372e-12  1.2682793118411696e-12 
